1 0.548245 -0.401217
1 1.863593 0.427575
0 0.637122 0.920898
1 1.196027 -0.369361
0 -0.907666 0.403576
0 -0.551901 0.759488
1 0.774513 -0.371639
1 0.008112 0.146420
1 0.131784 -0.335687
0 0.614315 0.591140
1 1.078917 -0.463762
0 -0.866475 0.463824
1 1.735292 -0.081434
0 0.758362 0.674022
1 2.081831 0.425857
0 -1.169525 -0.096139
0 1.013554 0.148973
0 0.453106 0.850323
0 -0.948739 0.287778
0 1.070329 0.333300
1 0.026114 0.065093
1 -0.165161 0.476046
1 1.927198 -0.010849
1 1.842225 0.502696
1 1.972256 0.225968
0 -0.853220 0.151988
1 0.516945 -0.337430
1 0.354972 -0.376088
1 0.587475 -0.217432
0 -0.905879 0.490234
0 0.821887 0.634229
0 0.610767 0.711743
1 1.161459 -0.586480
1 1.726279 -0.232388
0 0.709497 0.546086
0 -0.567775 0.899384
1 0.329547 -0.193546
1 0.259866 -0.318777
1 1.648209 -0.335035
1 1.679765 -0.277420
0 0.456483 0.889321
1 2.040588 0.137322
0 0.794539 0.835866
1 1.742026 -0.185188
1 0.592051 -0.173583
1 0.908786 -0.507310
0 -0.668621 0.661066
0 -0.944282 0.420415
1 0.932489 -0.532681
0 -0.784099 0.582175
1 0.156709 0.096448
1 1.193126 -0.502278
1 1.768630 -0.287263
0 -1.053212 0.154369
0 0.702440 0.503025
1 1.201507 -0.635397
0 -0.892949 0.656145
1 1.797675 -0.261011
0 -0.961440 0.192088
0 0.924787 0.342453
1 1.970939 0.195809
0 -0.610911 0.668624
1 0.257034 0.070390
0 -0.908026 0.217407
0 -0.811897 0.553506
0 0.659930 0.750643
1 -0.025158 0.113286
1 0.921332 -0.569249
0 0.364523 1.046220
0 0.837620 0.400311
1 1.019308 -0.537053
1 1.812141 -0.016268
1 0.209065 -0.124791
0 -0.063212 0.892079
0 -0.569675 0.720459
1 0.137971 0.115791
0 -1.150508 0.031335
0 -0.009109 0.953509
0 -0.212862 0.932657
0 0.373532 1.017724
1 0.953216 -0.571631
0 -0.994082 0.184897
1 1.197949 -0.547059
0 0.030706 0.871536
1 0.710965 -0.422073
0 0.087097 1.055790
1 1.366905 -0.365335
1 1.396723 -0.506957
1 1.097167 -0.489022
1 -0.153212 0.600912
0 -0.772230 0.858309
1 0.087629 0.491431
0 -0.374923 0.792414
0 0.973180 0.245088
0 -0.162138 1.080593
1 1.847727 -0.048690
0 0.137761 0.892734
1 1.542849 -0.267760
1 2.049117 0.047677
0 0.600183 0.605320
0 0.637114 0.752858
0 -0.085336 1.174282
0 0.369206 1.008464
0 0.348468 1.010821
0 0.772101 0.879404
1 1.977012 -0.022291
1 2.118356 0.382396
0 -0.209486 1.007871
0 -0.857194 0.618911
0 -1.016154 -0.129948
0 1.013592 0.538137
1 1.804447 -0.047216
1 0.071295 0.143151
1 0.203512 -0.269860
1 0.031554 0.567359
1 1.382480 -0.422366
1 1.932560 0.072873
1 1.197833 -0.529200
1 2.009403 -0.147042
0 -0.911309 0.235321
1 0.447622 -0.192541
0 0.897249 0.737295
1 1.558117 -0.270786
1 2.122004 0.250676
0 -0.201555 0.929420
1 0.129761 -0.009337
0 -0.225717 0.968269
1 0.189897 0.014797
1 1.462778 -0.233250
0 0.920325 0.196549
1 1.980778 0.076169
1 1.650320 -0.244976
1 0.044315 0.126382
0 -0.854096 0.442430
0 -1.034806 0.329424
1 1.989399 0.455651
0 0.260406 1.090911
0 -0.554246 0.828199
1 0.130224 0.396538
1 1.988974 0.452830
1 0.254110 -0.050664
0 0.481082 0.984319
0 -0.479016 0.865588
0 0.649048 0.753809
0 -0.080772 1.166106
1 1.981638 0.535089
0 1.011084 0.257314
0 -0.763905 0.643411
0 0.611248 0.802397
0 0.444785 0.779843
1 1.076252 -0.486021
0 0.142943 0.884198
0 1.043831 0.354302
1 1.755436 -0.191190
1 1.124141 -0.587108
0 0.520456 0.810490
1 0.671677 -0.406052
0 -1.086494 0.241071
1 1.870919 0.162733
0 -0.980734 0.297943
0 0.348750 0.881160
0 0.693647 0.342014
0 0.910717 0.376873
1 0.128927 0.047502
0 -0.290175 0.948535
1 0.919552 -0.613556
0 -0.032752 1.095706
1 1.696730 -0.061196
0 0.671157 0.883551
1 1.463821 -0.490428
1 0.752026 -0.351600
1 -0.004764 0.372854
0 -0.891284 0.474675
0 0.002796 1.073808
1 2.166615 0.331124
0 0.116101 0.955281
1 0.689764 -0.320782
0 -0.302317 0.955559
0 -0.525475 0.904490
0 -0.741151 0.677632
1 1.336363 -0.401196
0 -0.115999 0.976625
0 1.057559 0.042795
1 0.707802 -0.585366
0 -0.611158 0.547907
0 -0.324994 0.945470
0 0.217158 0.995939
1 0.698109 -0.393366
0 -0.276391 0.826857
1 1.542731 -0.195044
0 0.320449 1.031303
0 0.900854 0.431126
1 0.084729 0.406657
0 0.794890 0.629523
0 -0.439867 1.012685
0 -0.699500 0.744584
1 0.730018 -0.478904
1 0.271492 0.186218
0 0.776198 0.561333
0 -0.796987 0.527118
0 -0.314238 0.988768
0 1.007907 0.405183
0 0.079869 0.908310
1 1.953249 0.011460
0 -0.799938 0.543270
0 1.075738 0.044140
0 -0.106406 0.857280
0 1.105022 0.431589
0 -0.141182 1.062927
1 1.720181 -0.192987
1 0.411422 -0.224257
0 0.812185 0.212006
1 0.735229 -0.418004
1 2.049699 0.637831
0 -0.552000 0.615705
1 0.533185 -0.507045
1 1.932310 0.199969
1 -0.098492 0.475678
1 1.181090 -0.623577
1 0.153442 -0.262718
0 0.049882 0.924978
1 1.855994 0.027668
1 0.988319 -0.482726
0 0.072006 0.854893
0 -0.865129 0.689706
1 1.852816 -0.028924
0 0.539348 0.759754
1 1.619428 -0.334253
0 0.439961 0.899024
0 -0.863483 0.562611
0 -1.095152 -0.044672
0 -0.914323 0.655035
1 1.868826 -0.120467
0 -0.300993 0.901361
1 1.891227 -0.191469
0 -0.671621 0.723857
1 -0.103687 0.398926
0 -0.858701 0.464531
0 1.156049 0.009524
0 0.233875 0.810878
0 0.260423 0.852692
0 -0.407480 0.816551
0 0.524745 0.912108
0 1.062571 0.442553
1 0.330387 -0.295422
0 -0.993247 0.380439
0 -0.508547 0.271140
1 1.221186 -0.715428
0 -0.822812 0.110090
0 -0.812475 0.819553
1 0.408583 -0.330302
0 -0.712965 0.712086
1 0.270479 -0.183551
1 2.123714 0.191454
0 0.740637 0.694347
0 1.008904 0.380638
1 1.132394 -0.589224
0 -0.840232 0.393813
0 0.588311 1.001294
0 0.577651 0.983637
1 0.295568 -0.124371
0 0.926334 0.443765
0 0.873322 0.609259
1 0.218877 0.288148
0 -0.957704 -0.161388
0 -0.853100 0.610265
1 0.965173 -0.513938
1 0.390578 -0.478513
1 0.326558 -0.177210
1 1.973817 0.105463
1 1.117502 -0.484779
1 1.758412 0.159364
0 0.981646 0.287479
0 -0.707783 0.919865
0 0.991005 0.309154
0 0.569328 0.833584
0 0.111455 1.044094
0 1.131879 0.083192
0 0.404593 0.996843
1 0.114599 -0.433695
0 -0.287825 0.896029
1 0.376229 -0.343054
1 2.177988 0.573340
1 0.469648 -0.387167
1 0.294947 -0.218396
0 -0.829094 0.470966
1 0.567895 -0.450114
1 0.290818 -0.139645
1 0.526443 -0.309822
0 0.364794 0.946053
1 0.017541 0.055244
0 0.299273 0.910067
0 -0.935320 0.104381
0 1.038100 0.253374
1 1.643746 -0.292223
0 -0.799201 0.341281
0 0.407377 0.954973
1 0.889006 -0.516482
0 0.105758 0.811518
0 -0.579497 0.918702
0 0.747725 0.693913
1 1.278931 -0.502290
0 0.290850 1.106119
1 1.936214 0.404349
0 0.491681 0.965181
1 0.665535 -0.689242
0 -0.209674 0.943613
1 0.245556 0.169301
0 -1.023709 -0.076347
1 1.979735 0.394259
0 -1.180810 0.226483
0 0.521870 0.784513
0 1.115120 0.313615
0 0.434225 0.740711
0 -0.904808 0.422460
0 0.631230 0.794557
1 0.980825 -0.540568
0 -0.840792 0.610080
1 1.361631 -0.437952
0 0.920492 0.220659
1 0.255285 0.262566
0 0.920399 0.534765
0 0.253801 0.947268
0 0.972652 0.144804
0 -0.915296 0.420645
1 1.589065 -0.256074
1 0.421353 -0.283309
0 -0.599691 0.897326
0 -0.670724 0.830941
1 0.553105 -0.405829
1 -0.001485 0.240829
0 -0.714840 0.683877
1 0.143064 0.057278
0 0.985943 0.032072
0 -0.939207 0.495295
1 1.506653 -0.450716
1 1.459250 -0.285482
1 1.076587 -0.650842
0 1.029517 0.406601
0 -0.672863 0.960071
0 0.873305 0.071690
0 -0.780838 0.099867
1 1.060428 -0.397412
0 0.820092 0.455530
0 -0.849439 0.473095
1 0.242625 -0.042939
0 0.780689 0.669901
0 -0.690602 0.557964
0 0.520472 0.897756
0 -0.883393 0.825714
1 1.923886 0.106619
0 0.100366 1.116754
1 0.873188 -0.489182
1 1.659171 -0.077044
0 0.554690 0.963742
0 -0.488476 0.909984
0 0.960828 0.390600
1 1.753342 -0.278481
1 1.853822 0.013686
1 0.913372 -0.536956
0 -0.972955 0.466791
0 0.704108 0.316171
1 1.977885 0.209035
1 1.948476 0.002238
0 -0.030993 0.926476
0 0.764676 0.543577
1 1.970148 0.230761
0 -0.777784 0.606305
0 0.505439 1.074938
1 1.198825 -0.507218
1 0.835919 -0.567559
0 0.697272 0.706887
0 -1.110429 0.040928
0 0.148195 1.167869
1 0.652794 -0.466476
0 -0.608497 0.737796
1 1.842817 0.213204
0 0.944032 0.176100
0 -0.893131 0.429166
1 2.062849 0.285495
1 0.172299 -0.012658
0 -0.606538 0.880303
0 -0.443096 1.110837
1 0.007164 0.529026
0 -1.032581 0.254234
0 -0.006205 1.032061
0 -0.397052 0.768513
1 0.212507 -0.051530
0 0.488064 0.942286
1 1.687798 -0.372869
1 1.047428 -0.432376
1 1.370429 -0.562405
0 -0.752650 0.538714
1 1.366929 -0.391135
0 -0.285991 0.889780
1 0.609348 -0.466271
0 0.529124 0.948500
1 2.141945 0.410210
1 0.367260 -0.257842
1 1.923807 -0.069021
1 0.317390 -0.269914
1 1.107873 -0.589324
0 -0.194536 0.934878
1 1.925137 0.047995
0 -0.910243 0.425724
1 0.341720 -0.135898
1 1.948357 -0.068084
0 -0.725020 0.508542
1 0.142537 -0.122952
0 0.198011 0.996373
0 0.028372 1.008096
1 0.427327 -0.446179
0 0.909279 0.685422
0 -1.100992 0.490863
0 -1.201363 0.112168
1 0.676176 -0.481556
1 1.819054 -0.106880
1 1.506774 -0.299588
0 -1.068974 0.257032
0 -0.565443 0.619201
0 0.904804 0.074768
0 0.884108 0.408469
1 1.891133 0.241688
1 1.607715 -0.439815
0 0.212710 0.856006
1 1.448186 -0.424954
1 1.167230 -0.402832
0 0.987674 0.032535
1 1.677103 -0.175231
0 0.521474 0.977497
0 1.054943 0.311239
1 1.796136 -0.070630
1 1.242622 -0.456476
1 1.740816 -0.168770
1 1.561520 -0.165970
1 -0.043380 0.455711
0 0.816564 0.674290
0 0.874892 0.120490
1 1.794470 0.006494
1 0.654057 -0.493965
1 1.434607 -0.347062
0 1.045401 0.696463
1 -0.020771 0.363380
1 1.372773 -0.532843
1 0.137930 0.027443
1 0.814263 -0.586615
0 -0.531632 0.843047
1 0.938015 -0.629563
1 0.453419 -0.633004
1 -0.054830 0.257213
1 1.974384 0.376478
0 -0.375381 1.091580
0 0.589869 0.641711
0 -0.455665 0.807676
1 1.998635 0.334510
0 0.964865 0.339559
1 -0.001961 0.267433
0 0.593556 0.764600
1 0.247939 -0.636397
0 -0.020493 0.951396
1 1.392287 -0.250066
0 -0.347941 1.163746
0 0.597147 0.871083
1 0.320930 -0.286557
1 1.420680 -0.417848
1 0.520457 -0.394303
0 -0.308690 0.872390
1 0.104856 0.151707
0 0.905277 0.136462
0 0.159350 0.868533
0 0.766210 0.563877
1 -0.031952 0.151465
1 1.060234 -0.338666
0 0.647995 0.793472
1 1.444805 -0.414193
1 1.786820 0.220541
0 -0.945950 -0.078981
1 1.521076 -0.183676
1 0.446762 -0.495586
0 0.439595 0.990779
1 -0.005308 -0.252683
0 -0.652773 0.749869
1 1.933427 -0.229903
0 0.820544 0.393475
1 0.180643 -0.260930
0 -0.578918 0.896295
1 0.185416 -0.062326
1 0.781228 -0.311570
1 0.010188 0.281254
0 -0.611906 0.942880
0 0.736879 0.550577
1 0.068184 0.027346
1 0.054344 0.265882
1 2.053575 0.456749
0 0.100529 1.129577
1 0.265629 -0.417660
1 0.338831 -0.170256
1 -0.123792 0.350030
0 -0.922556 0.366718
1 0.141212 -0.108494
1 1.402707 -0.327814
0 -0.488457 0.843642
0 0.938470 0.174205
1 2.091145 0.331555
1 0.027167 0.433282
1 0.162013 0.134022
0 0.989344 0.305272
1 0.640012 -0.128931
1 0.183729 -0.324593
1 0.556532 -0.295975
1 1.624952 -0.136478
0 0.155646 0.856136
1 1.379868 -0.512055
0 -0.892467 0.628396
0 -0.109282 1.082991
1 1.889748 -0.004685
1 1.988328 0.091577
1 0.990475 -0.581212
1 1.469598 -0.366624
0 -0.151406 1.030464
1 1.800316 -0.241720
0 -0.495839 0.991953
0 -1.025276 0.335347
1 0.000016 0.159741
0 -0.259829 1.233649
1 1.009297 -0.473778
0 -0.022087 0.973804
1 1.513474 -0.265122
0 0.555940 0.802072
0 0.316307 1.096519
0 0.142903 0.964416
1 0.792467 -0.399300
0 -0.634546 0.477554
1 2.074293 0.656409
1 1.214372 -0.487705
1 1.991003 0.270685
0 -0.176680 0.998270
1 1.732324 -0.578512
0 -0.173620 0.906847
0 -0.140110 0.966532
1 0.150713 0.271619
1 1.915999 0.308329
0 0.126143 0.873560
1 0.752966 -0.323828
0 0.141429 0.924526
0 -0.831690 0.196617
0 -0.005315 0.960229
0 0.675603 0.794595
0 0.527446 0.909019
1 0.787259 -0.334679
1 0.635448 -0.525089
0 -0.903274 0.261844
0 -0.082282 0.839297
0 -0.384158 0.838538
0 -0.311712 1.005368
1 1.293287 -0.463448
1 1.731637 -0.068304
1 0.147635 -0.068780
0 -0.187951 0.915248
0 1.095392 0.116010
0 1.017785 0.420813
1 0.284876 -0.390337
1 1.501502 -0.522743
1 0.330440 -0.312758
0 0.669414 0.746935
0 0.655089 0.673069
0 -0.780068 0.645731
1 1.376870 -0.564104
0 0.889679 0.495738
0 0.702718 0.405181
0 -0.444294 0.835183
1 1.862949 0.638933
0 0.364151 0.777241
1 -0.067553 0.040682
0 0.314323 0.899573
0 0.970781 0.081988
0 0.081733 1.075194
0 0.100904 0.817388
0 -1.042111 0.216782
1 1.697479 -0.340145
1 1.432835 -0.453151
1 1.507145 -0.593517
1 0.486670 -0.362445
1 1.700158 -0.141124
1 0.983130 -0.464345
1 0.132804 -0.419781
1 0.660517 -0.446460
0 -0.822764 0.820713
1 0.377721 -0.356770
0 1.047314 0.224412
0 0.208306 0.902021
0 0.947151 0.072742
1 0.677322 -0.436158
1 0.985532 -0.627657
1 0.535348 -0.216994
1 -0.016420 0.221633
1 0.094108 -0.066529
1 2.007176 0.574271
1 1.511727 -0.390597
1 0.714030 -0.452799
0 0.782454 0.476562
1 1.462250 -0.330347
1 0.421412 -0.457457
0 0.968468 0.287754
0 1.011219 0.311969
1 0.100017 0.232311
1 1.821472 0.198305
1 1.953214 -0.076688
0 0.620225 0.667526
0 0.432209 0.820211
1 2.046827 0.244295
1 0.052912 0.209777
0 -0.850105 0.467729
0 -0.207412 0.975617
1 1.986944 0.241315
0 0.191553 0.881076
1 1.885724 -0.234191
0 0.400546 0.899476
0 -0.924151 0.342896
0 -0.921792 0.559397
0 1.051536 0.183384
1 0.821748 -0.397915
0 0.549571 0.889212
1 0.377911 -0.348924
0 1.105301 0.218934
0 0.912797 -0.192698
0 -0.827785 0.236741
0 0.841035 0.710373
1 0.446214 -0.235218
0 -0.222400 0.846680
0 -0.067349 1.125161
0 -0.538451 0.842298
1 0.276700 -0.213754
0 0.824058 0.521916
1 1.037072 -0.459474
1 1.079387 -0.648936
0 0.856598 0.548737
0 -0.816638 0.525451
0 0.847786 0.471359
1 0.018009 0.263613
0 0.630795 0.658796
1 1.286792 -0.389611
1 0.483290 -0.241768
1 0.112397 0.297749
1 0.222867 -0.004478
1 1.888551 0.048138
1 1.760190 0.203750
1 0.046988 0.257430
0 -0.784357 0.474405
1 1.021033 -0.601661
1 0.188092 0.217867
1 1.921756 -0.102328
1 0.035168 0.355244
1 1.307808 -0.399259
0 0.893596 0.721717
0 -0.422986 0.903510
1 1.995929 0.388579
0 -0.665558 0.469002
0 -0.932428 0.201266
1 1.957932 -0.495203
1 1.584879 -0.412370
0 0.171635 0.785506
1 1.225646 -0.511990
0 0.871503 0.399563
0 1.040371 0.307481
0 0.302726 0.896798
1 0.026050 0.324751
0 -0.721761 0.652387
1 -0.091297 0.306968
0 -0.834097 0.221142
1 1.623306 -0.387244
1 0.259437 -0.223939
1 1.951577 0.288026
0 -0.802068 0.611719
1 0.217320 0.028557
0 0.502028 0.842797
1 0.748142 -0.493167
0 0.592515 0.594986
0 -0.826317 0.606315
0 -0.876078 0.662867
1 1.862860 0.244067
0 0.506152 0.639552
0 -1.088151 0.442479
1 1.529525 -0.226751
0 0.246881 1.047511
0 0.367860 0.896846
1 1.951375 0.266151
0 0.877742 0.102733
1 1.735499 -0.024815
1 1.519470 -0.248435
0 -0.944408 0.157301
0 -0.963786 0.326828
1 0.091201 0.050585
0 -0.734030 0.452023
0 -1.048656 -0.128771
0 -0.592857 0.678714
1 0.009847 0.603373
0 1.047329 0.383693
1 1.818341 0.147077
1 1.979277 0.028526
1 0.115986 0.437715
1 0.494065 -0.324839
0 0.306635 0.868065
0 0.472254 0.900000
0 -0.036867 1.000937
1 0.518685 -0.417506
0 0.715605 0.674905
1 0.692414 -0.526338
0 -0.361471 0.836167
1 0.709255 -0.491784
1 1.505234 -0.161700
1 1.611204 -0.170732
1 -0.101685 0.381022
1 0.450787 -0.266634
1 1.202695 -0.506501
1 1.671882 -0.493804
1 1.423549 -0.437574
0 -0.064921 1.072578
0 -0.694328 0.673021
1 1.928707 0.484089
0 -0.521285 0.954024
1 0.043153 0.369992
1 0.511496 -0.443165
1 1.140392 -0.604549
1 0.074859 0.125016
0 -0.720811 0.602709
1 1.792633 0.483999
0 1.167929 -0.114309
1 1.897457 0.048110
1 0.182664 -0.166866
1 1.095401 -0.400394
1 1.150444 -0.338312
1 0.220325 -0.211983
1 0.086590 0.174082
1 1.573560 -0.386228
0 0.833863 0.860712
1 1.863072 0.477733
0 -0.040228 1.179086
1 0.820916 -0.305387
1 0.716750 -0.376663
0 0.734641 0.591762
0 -0.889707 0.343407
0 0.244219 0.882923
1 -0.050701 -0.068224
1 0.410350 -0.364550
0 -0.748111 0.669487
1 -0.132928 0.418593
1 0.224282 -0.090365
1 0.866900 -0.665405
0 -0.435687 0.679843
0 -0.371554 0.783192
1 1.575303 -0.196201
0 1.066894 0.232546
0 -0.378458 0.935192
0 0.828834 0.141310
0 -0.998398 0.292513
1 1.958620 -0.002167
0 0.276834 0.883019
0 -0.337246 0.920547
0 -0.280065 0.978841
1 0.157438 -0.042521
0 -0.273082 1.230986
1 0.929231 -0.468679
1 0.016050 0.017898
1 1.015060 -0.668769
1 0.511161 -0.285223
0 0.726090 0.529645
1 1.884995 0.041668
0 -0.837808 0.712641
1 -0.043420 0.265606
1 0.410132 -0.362411
1 1.804897 -0.200266
1 0.090468 0.161884
1 1.672261 -0.299643
1 0.685325 -0.535738
1 -0.007325 0.354582
0 0.853998 0.387808
1 1.295955 -0.224939
0 0.498408 0.584129
0 -0.650033 0.651059
0 0.275959 0.821218
0 -0.133686 1.183465
1 0.164230 0.153022
1 2.042118 0.337149
1 1.872449 -0.062333
1 0.061035 0.336041
0 -0.978618 0.512023
1 1.696217 -0.270553
1 1.050479 -0.488946
1 2.088693 0.045581
1 1.481359 -0.506269
0 -1.044549 0.318487
0 0.780811 -0.045231
0 -0.781481 0.365061
0 -1.059462 0.090106
1 0.231413 -0.086679
0 0.757676 0.502698
0 -0.266555 1.081960
1 0.439304 -0.332060
1 -0.162935 0.534687
1 0.794876 -0.465263
1 1.210605 -0.537524
0 0.082208 0.976842
1 -0.175429 0.209974
0 -0.445250 1.005403
1 0.028200 0.129651
0 0.541816 0.824063
1 1.996806 0.580788
0 -0.405898 0.779633
1 0.530836 -0.511915
1 1.534225 -0.484608
0 -0.455745 0.872616
1 0.027521 0.204850
0 -0.528225 1.000303
0 0.211525 1.153799
1 0.351366 -0.387792
1 0.089455 0.022022
1 1.594946 -0.265566
1 1.295107 -0.516094
1 1.167248 -0.432504
0 1.125844 0.050813
0 0.952290 0.404084
0 -0.842712 0.044062
1 0.028050 0.550374
0 0.352870 0.864940
1 0.239761 0.069101
0 0.670430 0.775091
0 -0.635369 0.902426
1 1.113371 -0.618522
0 -0.274665 0.966041
0 0.151866 0.916777
1 1.893144 0.033756
0 -0.934648 0.284272
1 0.058992 0.362766
1 0.431697 -0.286479
1 1.602838 -0.086809
1 0.598314 -0.397702
1 0.233926 -0.192205
0 -0.193099 0.899053
0 -0.826869 0.342643
1 1.531939 -0.479186
1 1.883619 -0.015085
0 0.827444 0.227521
1 1.865153 0.403887
1 0.120924 -0.118288
1 1.099997 -0.524124
0 0.521027 0.705802
1 1.904775 0.026631
0 -0.877342 0.448442
1 1.962099 0.312238
1 0.053714 0.411814
1 2.039726 0.256025
1 1.112936 -0.413779
1 0.636800 -0.410416
0 0.580548 0.666131
1 1.746182 0.148380
0 0.743180 1.006151
1 1.593608 -0.323958
0 1.077831 0.433772
0 1.052009 0.105223
1 1.095111 -0.363310
1 0.850750 -0.410156
0 -0.727747 0.662648
1 1.317353 -0.503529
1 1.107627 -0.589983
0 0.724549 0.705200
0 0.974891 0.015759
0 -0.880804 0.367213
1 0.365600 -0.265314
1 2.152024 0.586726
0 -0.986189 0.120812
0 -0.913081 0.302412
0 -0.852339 0.364623
0 -0.047229 1.208601
1 1.800802 0.256702
0 0.876667 0.611803
0 0.463404 0.897218
1 1.378730 -0.426865
0 -0.920634 0.003618
0 -0.599312 0.818141
0 -0.993897 0.444034
0 -0.475455 0.634974
1 1.712436 -0.107577
0 -0.451705 0.924039
1 0.381561 -0.160981
0 -0.102913 0.880674
1 0.274947 -0.032757
0 -0.458332 0.849115
0 0.589038 1.049859
1 0.052440 -0.107048
1 1.944317 0.077789
0 -0.847918 0.495716
1 0.499588 -0.326379
0 -0.573670 0.586607
0 -0.024759 0.891493
0 -0.227818 0.932873
0 -0.651377 0.853246
0 0.742398 0.677475
0 0.854959 0.427907
0 0.973432 0.105389
0 -0.418407 0.922679
0 0.987154 0.022148
1 0.114906 0.105426
1 0.549826 -0.279989
1 2.097165 0.240985
0 0.117645 0.973648
1 0.057586 0.165635
1 1.075627 -0.233035
1 1.746013 -0.089256
1 0.830302 -0.392228
0 0.611206 0.715876
1 1.287258 -0.452130
0 -0.662388 0.786458
1 1.234791 -0.477777
0 -1.099983 0.102388
1 0.744647 -0.470670
1 0.257621 -0.091872
0 1.014392 0.116711
1 1.954297 0.386488
0 -0.278087 1.100349
0 0.817842 0.588867
1 1.536227 -0.369105
0 -0.100486 1.140067
0 -0.842831 0.436428
1 1.469572 -0.476882
0 1.079897 0.402242
1 0.020599 0.524181
0 0.834429 0.386890
0 0.807734 0.535135
1 0.311020 -0.036939
1 1.130873 -0.470935
1 0.412521 -0.336824
1 0.321206 -0.145401
0 0.114830 0.971758
1 1.878312 0.196406
1 0.182357 -0.259451
0 0.783891 0.682914
1 1.245185 -0.313343
1 1.437631 -0.402386
0 0.891119 0.444902
1 2.020290 -0.052337
1 2.117695 0.259609
0 -0.884080 0.082859
1 1.599340 -0.267708
0 -0.846092 0.288121
0 -0.008199 1.033850
0 0.896280 -0.100112
0 -0.877501 0.110225
1 0.180902 -0.133181
0 -0.731322 0.635337
0 -0.770341 0.349397
1 1.858254 -0.140086
0 -0.153907 0.979594
0 0.068664 1.084781
0 0.856503 0.017091
1 1.961690 0.159667
1 1.596562 -0.405595
1 0.979418 -0.488421
1 0.466603 -0.294167
0 0.638722 0.809280
1 1.086402 -0.492206
0 0.308619 0.979711
1 -0.012214 0.387869
1 1.910286 -0.108123
1 1.138462 -0.348586
0 -0.327396 0.742154
0 0.795556 0.480422
1 1.076136 -0.332776
1 0.964823 -0.588477
1 -0.096384 -0.001481
0 -0.999756 0.223015
1 -0.102532 0.369840
0 -0.010652 1.004020
0 -0.750093 0.759945
1 2.001802 0.279306
0 -0.481956 0.818382
0 -0.479328 0.861390
0 -0.952507 0.225116
1 1.676934 -0.083221
0 0.783157 0.562469
0 -0.898350 0.343533
0 -0.743884 0.747706
1 1.143904 -0.318512
1 1.850611 -0.142486
1 1.129983 -0.585848
0 0.529151 1.014747
1 0.749002 -0.503098
0 0.984613 0.177012
0 0.598359 0.725949
0 -0.002443 1.025997
0 -0.228015 0.954320
1 0.620695 -0.274595
1 0.406698 -0.265504
1 0.573364 -0.435307
0 -0.656722 0.488351
0 0.369542 0.818307
0 0.952917 0.188346
0 -0.392732 0.953345
1 0.835268 -0.395479
1 1.351526 -0.657077
