0.00000000e+00 1.98607248e-02 -7.61585872e-01 8.84051362e-01 8.93997957e-01 2.50474432e-01 8.65001529e-01 4.74884831e-01 -9.37653176e-01 -2.54436426e-01 7.81561828e-01
0.00000000e+00 -8.27694491e-01 8.23475344e-02 -8.22819815e-02 3.57090616e-02 9.71924281e-01 -9.75540107e-01 5.65119143e-01 -7.02660997e-01 8.32655816e-01 -5.60302769e-01
0.00000000e+00 -2.70000489e-01 -6.54521133e-01 -3.47530483e-01 -4.37237650e-01 -8.14349802e-01 7.29350939e-01 9.65829606e-01 -9.64339500e-01 1.94215002e-01 7.44991798e-01
1.00000000e+00 7.26212107e-01 7.47853933e-01 -3.45943639e-01 -5.53127626e-01 2.48963526e-01 3.35502070e-02 -2.14466833e-01 2.04055781e-01 1.00229945e-01 -1.02118001e-01
0.00000000e+00 6.67371966e-01 9.34077521e-01 7.19757217e-03 -9.18544817e-01 4.99703509e-01 4.01390880e-01 -6.05137322e-01 -2.53873247e-01 -9.27689354e-02 -9.69932296e-01
0.00000000e+00 2.86306226e-01 -5.31846400e-02 1.98960807e-01 4.18343828e-01 8.38070550e-01 9.04034725e-01 8.72109129e-01 5.27637379e-01 9.72835156e-01 -2.32574388e-01
1.00000000e+00 5.32074197e-01 8.70408941e-01 2.42646297e-01 -8.14020892e-02 -3.14210052e-01 8.22232423e-01 2.05421619e-01 -4.00564434e-01 -5.60353267e-01 3.42766236e-02
1.00000000e+00 6.71809010e-01 -2.39201255e-02 3.19955162e-01 -3.82426963e-01 4.05470469e-01 7.15651247e-01 -4.66264352e-01 3.01609141e-01 7.35151511e-01 1.37741048e-01
1.00000000e+00 6.00040862e-01 -8.00096884e-01 8.30038942e-01 5.27309238e-01 4.42620839e-01 2.80209107e-01 -2.55524613e-01 1.86211245e-02 4.02855793e-01 -3.92329090e-01
0.00000000e+00 -1.13887344e-01 4.26665355e-01 -7.50898125e-01 5.91637604e-01 -8.24526639e-01 9.41259120e-01 -8.62199226e-01 -9.09265570e-01 -5.31041523e-01 -5.15551853e-01
0.00000000e+00 -3.42784082e-01 -8.07558149e-01 -9.43562524e-01 7.69635586e-02 6.52720172e-01 -7.20202418e-01 -3.50680263e-01 9.10014395e-01 9.06162496e-01 7.89013521e-01
0.00000000e+00 -6.42683176e-01 -9.72653257e-01 -9.75846884e-01 -4.85506549e-01 -9.73241585e-01 -6.35790759e-01 3.06546961e-01 1.92873344e-01 -4.15120748e-01 -8.15841034e-01
1.00000000e+00 6.47829783e-01 -3.03607090e-01 -6.75286516e-01 -1.53955305e-01 -6.94376553e-01 1.44219387e-01 -2.76843973e-01 -3.00599680e-01 -3.84531021e-01 4.72586680e-01
1.00000000e+00 -3.13093601e-01 -3.02356227e-01 -2.21511468e-01 1.66309166e-01 -5.01956515e-01 -3.42459933e-01 6.73186333e-01 -1.00317500e-01 -1.58520954e-01 -7.85626712e-01
1.00000000e+00 -4.21162658e-01 7.38789052e-01 -3.27123839e-01 3.55195762e-01 -5.41373532e-01 4.91199840e-01 -7.31708188e-01 9.60003524e-01 3.46092261e-01 2.36460449e-01
0.00000000e+00 -3.58666222e-01 4.63737296e-01 -7.06382305e-01 -8.32400116e-01 -6.92460242e-01 4.74927618e-01 -4.24304894e-01 8.56116221e-01 -2.30820110e-01 -8.06587789e-01
1.00000000e+00 7.54998972e-01 1.95549132e-01 -6.30095800e-01 1.66832652e-01 -6.74750512e-02 -9.21032127e-01 3.51235808e-01 8.63637365e-02 -3.88602681e-01 -3.88439075e-01
1.00000000e+00 7.19522924e-01 -2.35519228e-01 -2.47489078e-01 2.51062220e-01 -6.53893465e-01 9.07669296e-01 -3.52777133e-01 -2.09223651e-01 1.70838960e-01 6.95257051e-01
0.00000000e+00 -5.90433019e-01 -6.57692491e-01 -1.48923866e-02 -8.10384581e-01 6.93688152e-01 5.30352179e-01 -6.77304270e-01 4.08240929e-02 7.70144345e-01 -7.95511710e-01
1.00000000e+00 2.51867160e-01 -2.18662364e-01 8.53943846e-01 -2.14812132e-02 3.35300534e-01 8.05470252e-01 8.20222763e-02 -5.84050887e-01 -2.92249530e-01 -2.36397503e-01
0.00000000e+00 1.32028265e-01 -3.25211699e-01 7.81381673e-01 2.24323231e-01 -7.67789811e-01 -4.99632541e-01 -7.80385475e-01 -9.57244228e-01 7.96954635e-01 4.24806808e-01
0.00000000e+00 5.11022971e-01 -6.45744576e-01 -6.40742693e-01 7.95187705e-01 -4.41860899e-01 8.39137480e-01 2.16195179e-01 2.58599548e-01 -6.67254449e-01 7.56168981e-02
0.00000000e+00 -3.09700746e-01 -7.60826141e-01 -9.22574728e-01 7.64617216e-02 8.40312758e-01 9.56511062e-01 9.53930972e-01 -9.05414250e-01 6.90946927e-01 7.13019707e-01
0.00000000e+00 9.09999290e-02 -8.67348214e-01 9.02092898e-01 5.12840374e-01 -1.77045876e-01 9.81865010e-01 3.22612358e-01 8.06402872e-01 6.25212586e-01 8.79717095e-01
0.00000000e+00 -6.38957827e-01 -7.62741134e-01 8.55164384e-01 -9.08717029e-01 -7.86983169e-01 -9.38149265e-01 -5.60572494e-01 -1.76696035e-01 -5.27207909e-01 4.96408569e-01
0.00000000e+00 4.96443911e-01 7.70935542e-01 6.24919936e-01 9.78006056e-01 9.86059494e-01 -2.00595264e-01 -9.25623549e-01 -1.15669355e-01 9.59971105e-01 -5.90823531e-01
0.00000000e+00 -2.75578301e-01 -6.04657352e-01 -6.11191789e-01 -7.89893337e-02 -8.09334325e-01 8.36049708e-01 -1.03831196e-01 2.61671473e-01 -8.60777348e-01 5.90655346e-01
1.00000000e+00 -6.80739453e-01 -4.18523906e-01 4.81436053e-01 -7.14115288e-01 -8.64115209e-01 2.72007790e-01 4.67084672e-02 6.03094739e-01 -9.79188630e-01 3.63356943e-01
1.00000000e+00 -4.08687185e-01 -3.87878259e-01 -2.38492247e-01 1.03795297e-01 -3.96921867e-01 3.45499658e-01 8.69414665e-01 5.06166793e-01 7.50383839e-01 3.04318035e-01
0.00000000e+00 1.07490776e-01 6.58978521e-01 -4.31184468e-01 8.96675482e-01 4.78875845e-01 4.47249513e-01 3.02367868e-04 7.75306915e-01 4.26335636e-01 -6.63575743e-01
0.00000000e+00 -7.59371518e-01 -2.23028735e-02 8.25193828e-01 -4.96967308e-01 9.12903885e-01 -6.91022131e-01 -3.36250415e-01 -5.99822627e-01 9.67558471e-01 4.96580020e-01
0.00000000e+00 -3.18268162e-01 9.26420939e-01 7.41651645e-01 -3.94379479e-02 -4.35022420e-01 -6.43169236e-01 8.85267379e-01 6.16498197e-03 -1.80324589e-01 8.15488521e-01
1.00000000e+00 7.22437078e-02 3.03205240e-01 -1.67725975e-01 4.24008276e-01 -1.63829380e-01 9.39660007e-01 -5.44018804e-01 -5.78943021e-01 1.69635723e-01 -8.32676311e-01
1.00000000e+00 -2.44394194e-01 2.75611001e-01 -5.54931506e-01 8.82622907e-02 -1.97624204e-01 -8.31609139e-01 8.56252687e-01 -2.76462669e-01 9.83058789e-02 -3.99755105e-03
1.00000000e+00 -7.05273098e-02 5.30398826e-01 -3.79180593e-01 3.34595942e-01 7.08701150e-01 7.16477291e-01 -2.86859781e-02 2.65272611e-01 6.11143279e-01 -4.37613615e-01
1.00000000e+00 6.39136496e-01 9.47052587e-02 -3.82347948e-01 7.16957235e-01 -2.42556880e-01 -6.18597588e-01 3.60241001e-01 -2.97116779e-01 -2.86353070e-01 2.88782773e-01
1.00000000e+00 1.71007461e-01 -5.91011272e-01 -2.84822845e-01 1.88070925e-01 -7.06122387e-01 6.00406528e-01 6.25701909e-01 -7.44537576e-01 7.56418794e-01 -1.00512480e-01
0.00000000e+00 1.00166131e-01 -8.62644181e-01 3.96607407e-01 9.01312600e-01 8.07220621e-01 9.51052827e-01 8.32634959e-01 7.31411429e-01 6.84937816e-01 -4.67168073e-01
0.00000000e+00 6.33425139e-01 -4.54012123e-01 -6.02255305e-01 5.87088224e-01 8.12022524e-01 -7.21702380e-01 -6.25681877e-02 -8.79309457e-01 6.27048137e-01 -5.11398285e-01
1.00000000e+00 3.39023794e-02 3.52805639e-01 -2.34442071e-01 1.60520561e-01 -2.82980542e-01 -5.42769384e-01 2.88481441e-01 -3.33197194e-01 4.86720945e-02 -1.55135626e-01
1.00000000e+00 -2.28296406e-01 1.59251116e-01 3.15819838e-01 3.08601285e-01 1.25896253e-02 5.98843804e-01 2.93421621e-01 -1.46003831e-01 -9.56481604e-01 -9.43386686e-01
0.00000000e+00 -4.29592857e-01 5.83558002e-01 6.48290912e-01 7.25895934e-01 9.67108780e-01 6.46562065e-01 -8.61164510e-01 1.44937799e-01 7.91119867e-01 -5.50228151e-01
0.00000000e+00 6.39525670e-01 3.31245420e-02 2.12699939e-01 5.17087019e-01 6.69778005e-01 -9.72721033e-01 2.99718143e-01 9.51538496e-01 -7.68885148e-01 -7.23559639e-03
0.00000000e+00 3.41387158e-01 -2.07508695e-01 5.13065779e-01 -1.88391352e-01 1.25684370e-01 8.70656261e-01 9.92181277e-01 7.39952277e-01 -9.12099945e-01 -1.23854653e-01
0.00000000e+00 7.17663956e-01 7.00911768e-01 -9.12023265e-01 2.97197920e-01 6.85226054e-01 6.61768880e-01 1.90714826e-01 -4.69143624e-01 1.24434842e-01 -6.65312282e-01
0.00000000e+00 4.62324918e-01 8.11185641e-01 -1.74045203e-01 -9.21408027e-01 3.77396894e-01 5.47063743e-02 -8.74629092e-01 4.41176751e-01 -1.85589789e-01 3.29823389e-01
0.00000000e+00 3.54316400e-01 -4.22588586e-01 -5.58558436e-01 7.71842852e-01 2.01972761e-01 7.51064093e-01 -9.19720670e-01 7.21262313e-01 7.83660859e-01 -2.57030656e-01
0.00000000e+00 8.14145451e-01 7.40056563e-01 6.53817242e-01 -7.67646663e-01 -4.30388889e-01 7.45585958e-01 4.13289172e-01 8.85774477e-01 1.64594807e-02 -8.67115080e-01
0.00000000e+00 -4.69061542e-01 8.00474662e-01 -1.68122006e-01 -2.45869620e-01 -4.98569996e-01 -1.69532349e-01 -7.18754409e-01 4.48158728e-01 9.76754650e-01 -5.29063654e-01
0.00000000e+00 -8.46940141e-01 -1.22267212e-01 -5.84397002e-02 4.81456972e-01 1.19913490e-01 6.46075412e-01 8.42800089e-01 -8.16860707e-01 -4.30802269e-01 -5.76386155e-02
1.00000000e+00 -5.53470472e-01 -2.86938595e-01 -8.40375470e-01 5.68510238e-01 5.07093463e-01 -7.69262689e-01 2.44686113e-01 -2.15268753e-01 7.09987840e-01 -5.34509460e-01
0.00000000e+00 9.15974272e-01 -3.60310112e-01 -6.71545709e-01 -5.19921031e-01 1.73489713e-01 -8.91327731e-01 -7.87540277e-01 9.04151413e-01 6.58471471e-01 -1.16711487e-01
1.00000000e+00 6.68236776e-01 7.50151889e-01 -6.63777380e-01 2.48235751e-01 -5.59546746e-01 1.16155011e-01 4.02400060e-01 7.83170236e-01 9.57221178e-02 -4.50547869e-01
0.00000000e+00 -8.19048946e-01 -4.24987442e-01 -1.28253281e-01 6.41416889e-01 -2.06796536e-01 9.49763527e-01 5.09126773e-01 -8.19636219e-01 -9.47914606e-01 9.37834999e-01
0.00000000e+00 6.37828808e-01 7.00681679e-01 6.99858106e-01 -1.54081945e-01 -7.08557020e-01 -3.67644930e-01 -4.77735609e-01 9.97154648e-01 -6.59409167e-01 7.76397997e-01
0.00000000e+00 -3.48894602e-01 -9.42945703e-01 -2.39907275e-01 -9.40803912e-01 -1.39153668e-01 -9.78751841e-01 5.82249466e-01 9.82153369e-01 2.07677368e-01 3.89453456e-01
0.00000000e+00 3.95786284e-01 -1.96388741e-01 -7.66812376e-01 3.33027805e-01 9.39281151e-01 -9.06135400e-01 -1.79513382e-01 8.58209106e-01 -8.85270441e-01 2.48132995e-01
1.00000000e+00 -2.29751072e-01 9.09982659e-02 -3.30080141e-01 -8.70775498e-01 -6.15170022e-01 4.41301944e-01 -7.15615826e-01 -2.34626921e-01 -7.60765261e-01 -7.74760251e-01
0.00000000e+00 4.59055721e-01 -2.29608859e-01 -4.33592120e-02 -4.23030778e-01 -8.61741258e-01 7.21875686e-01 -7.65159869e-01 8.30653468e-01 -3.60192645e-01 8.55491347e-01
0.00000000e+00 -6.27899612e-01 -8.67088123e-01 1.04285847e-02 6.60421227e-01 -3.55126733e-01 3.60676923e-03 3.45258531e-01 8.98703399e-01 2.43365220e-01 -8.97319561e-01
0.00000000e+00 5.72466110e-01 7.78798523e-01 5.38975272e-01 5.17341429e-01 4.71916254e-01 5.49469981e-01 -8.27505840e-01 5.99454066e-01 -2.28780747e-02 5.14195623e-01
0.00000000e+00 -5.57511547e-01 -5.87561052e-01 3.35477198e-01 7.85139827e-01 9.24534097e-01 -3.09019630e-01 -4.84629159e-01 9.41464436e-01 6.97101914e-01 4.90954897e-01
0.00000000e+00 -6.50299545e-01 -6.07381634e-02 -3.77890264e-01 -8.77490597e-02 3.50995999e-01 -5.91478944e-01 9.85016180e-01 -2.99681727e-01 8.24486835e-01 6.88096140e-01
0.00000000e+00 5.41054108e-01 -9.84609142e-01 -5.10246521e-02 -8.13967399e-01 -1.90845219e-01 -9.63577930e-01 -5.87170583e-01 -3.47379294e-01 4.36741212e-01 -1.86060869e-01
1.00000000e+00 8.92780678e-01 -3.71870232e-01 5.55378661e-01 6.33822017e-01 -1.79632731e-01 2.01842264e-01 1.40635126e-01 -5.34195974e-02 -2.72068825e-01 2.05507563e-01
1.00000000e+00 -1.52665016e-01 -3.60726096e-01 -8.44197946e-01 7.73225430e-01 -2.65141428e-01 3.52295985e-01 2.26046297e-01 -4.90938466e-01 7.42225372e-01 -4.58410071e-01
1.00000000e+00 1.09105427e-01 -9.59439746e-01 -1.85319726e-01 -1.59526052e-01 4.68047352e-01 7.43515533e-01 1.13819946e-01 -4.67729487e-02 -8.57783776e-01 -1.36226068e-01
0.00000000e+00 3.89909980e-01 9.53077215e-01 4.73931355e-01 7.38577510e-02 3.27854767e-01 -9.26620878e-01 -5.20412837e-01 -4.90883017e-01 -6.80784750e-01 -4.78631087e-01
0.00000000e+00 -9.74986086e-01 -4.37324074e-01 -7.97622699e-01 1.56388033e-01 -6.77699223e-01 -9.87156178e-01 5.51682882e-01 6.95994828e-01 8.82889497e-01 8.72379163e-01
0.00000000e+00 6.64242964e-01 -6.57527764e-03 -3.13148954e-01 7.89605752e-01 2.71794128e-02 6.13422616e-01 5.31282039e-01 -7.19807423e-01 -8.70933098e-01 -6.79399788e-01
0.00000000e+00 -8.93393286e-01 -3.03603117e-01 -3.96286679e-01 -9.31959581e-01 5.67080629e-01 -5.67052244e-01 8.20276974e-01 2.49826582e-01 -6.50189979e-02 8.10850931e-01
0.00000000e+00 -8.89875727e-01 5.69437877e-01 7.38469914e-01 5.81732322e-01 -8.41200749e-01 -1.06534305e-01 9.48499995e-01 -1.02917927e-02 8.03168328e-01 2.96432117e-01
1.00000000e+00 -6.93778801e-01 8.17710559e-01 -7.01922347e-01 1.19328128e-01 -7.44446883e-01 -3.75162365e-01 5.17354598e-03 1.81389777e-01 4.96053330e-01 -1.48844859e-01
1.00000000e+00 5.85844418e-01 1.00073017e-01 -2.59153036e-01 8.84534201e-01 -3.93398670e-01 -7.50652856e-01 -9.71609474e-01 4.39712668e-01 3.10467922e-01 1.06233088e-01
1.00000000e+00 -9.96002773e-01 -2.44527700e-01 -4.44807811e-01 3.84752210e-02 -1.22547427e-01 1.76646240e-01 6.94699851e-01 2.33718434e-01 6.37794632e-01 9.96100928e-01
1.00000000e+00 9.82598358e-01 2.95818150e-01 -9.15918799e-01 2.62052274e-01 2.34778395e-01 -1.75083747e-01 -5.90962582e-01 6.77709880e-04 -5.82952141e-01 6.44878575e-01
1.00000000e+00 1.60640138e-01 -3.17655305e-01 7.66050873e-01 3.22594582e-02 1.91669758e-01 5.14974631e-01 -1.73879633e-01 -8.03703415e-01 -8.94672123e-01 -2.85879919e-01
0.00000000e+00 8.97712180e-01 6.87562106e-01 9.39907413e-01 -2.18038810e-01 -9.50840575e-01 8.00654378e-01 3.77408710e-01 -6.00558918e-01 1.81639571e-02 6.06188835e-01
1.00000000e+00 8.59924864e-01 -9.52187321e-01 -5.92447146e-02 -1.72931001e-01 7.37831323e-01 -6.26499916e-02 -6.95759742e-01 -9.60966555e-02 4.05965164e-01 4.37216320e-02
0.00000000e+00 -3.58409731e-01 -4.54698126e-01 9.35448959e-01 -8.35032309e-01 -8.08158087e-01 -4.33030723e-01 6.71278596e-01 1.34275023e-01 7.90676272e-02 4.27206836e-02
0.00000000e+00 -8.24542597e-01 -5.90812104e-01 -9.79440547e-01 -1.76671205e-01 -5.83767156e-01 -9.46724322e-01 -3.02950155e-01 5.12830977e-02 -9.85601163e-01 7.96838630e-01
1.00000000e+00 -2.96200439e-01 -1.95862202e-02 7.79015949e-01 2.02134062e-01 -9.38543119e-01 3.57851105e-01 3.00222287e-01 5.16083983e-01 -9.48466809e-01 -2.25038385e-01
0.00000000e+00 -6.43407032e-03 2.87205428e-01 7.41166137e-01 4.85897659e-01 -8.04830876e-01 -7.83509375e-01 -7.06244600e-01 -8.91253683e-01 6.52762522e-01 8.59723738e-01
0.00000000e+00 5.77305483e-01 -6.03168867e-01 7.77429369e-01 9.67024017e-01 9.89646718e-01 -6.11340652e-01 -7.32010014e-01 9.66232922e-01 -8.80481488e-01 1.93295165e-01
1.00000000e+00 -3.44111567e-02 4.12191336e-02 -6.01334697e-01 -1.40456524e-01 1.01981554e-01 -7.70924317e-01 6.37964563e-01 -8.82981614e-01 3.99196844e-01 -5.94528049e-01
0.00000000e+00 8.53363690e-01 -9.31421494e-01 -9.19944841e-01 5.56691600e-01 6.63063582e-01 -7.41865101e-01 9.99738024e-01 2.50514080e-02 -2.68900218e-01 -6.53320159e-01
1.00000000e+00 -5.68468331e-01 8.16772320e-01 7.21899322e-01 -4.91716398e-01 2.18716334e-01 -4.55143153e-01 7.24902606e-01 2.97126959e-02 -4.49060016e-01 -4.85997106e-01
0.00000000e+00 -6.88927885e-01 9.66398706e-01 8.97009320e-01 -9.65286470e-01 4.79071239e-01 1.05628445e-01 -3.51749674e-02 -4.55392826e-01 -7.76562373e-01 3.19822868e-01
1.00000000e+00 2.79708161e-01 -7.15667130e-01 -5.82329590e-02 7.07289743e-01 -8.41101523e-01 4.00862753e-01 1.15962278e-01 -6.16870124e-01 1.85762006e-01 -1.77130294e-01
0.00000000e+00 3.00638739e-01 -7.38646787e-01 8.05217977e-01 -1.82398748e-01 1.54999195e-01 8.84916286e-01 -8.08255268e-01 3.58341829e-01 3.69358154e-01 8.92194234e-01
1.00000000e+00 -7.69811968e-01 -7.03789287e-01 2.68646622e-01 2.15940120e-01 3.43462767e-01 -3.69713101e-02 -2.63146574e-02 1.00807100e-01 2.15740681e-01 8.89899637e-01
1.00000000e+00 1.33021328e-01 9.70450800e-01 -9.00055817e-01 -3.30399629e-01 3.47636740e-01 3.10743414e-01 5.78037000e-01 -1.37519879e-01 5.03341588e-01 -5.25646772e-01
1.00000000e+00 -8.36513438e-01 7.47687665e-02 -1.43754437e-01 8.57412393e-01 -1.65220858e-01 -4.13813386e-01 -6.09536349e-01 -1.05003051e-01 -8.90686907e-01 3.94171587e-01
1.00000000e+00 -2.14299199e-01 -7.30727497e-01 -4.07967843e-01 -1.41965097e-01 -4.49256710e-01 3.92947209e-01 4.27286518e-01 -3.01098789e-01 2.99282686e-01 4.42130772e-01
0.00000000e+00 -8.78247362e-01 -6.58622126e-01 3.99761123e-01 4.50481533e-01 -5.79878176e-01 7.18888923e-01 -5.59954495e-01 1.78766498e-02 5.42466035e-01 -9.42486246e-01
0.00000000e+00 -3.95864826e-01 6.25517267e-01 3.42441640e-01 -3.20637537e-01 -3.93649889e-01 7.40682318e-01 -6.79195149e-01 7.26943185e-01 3.79762871e-01 -8.92290904e-01
1.00000000e+00 -2.81822592e-01 -5.55485341e-01 -3.20050503e-01 -1.73562235e-01 2.57639417e-01 8.30449034e-01 1.23514117e-01 4.40985521e-01 -6.79354096e-01 1.10310188e-01
1.00000000e+00 -3.33132069e-01 3.04582450e-01 -6.46217875e-02 3.13680059e-01 6.87804170e-01 -8.53198549e-01 4.02035559e-01 2.83552152e-01 8.20928600e-01 -3.20971157e-01
1.00000000e+00 1.38014966e-01 -2.87600051e-01 -6.30395954e-01 -2.36383543e-01 -3.06719902e-02 1.94055623e-01 -8.99681180e-01 1.29727117e-01 7.34707195e-01 6.26311061e-01
1.00000000e+00 3.32340808e-01 6.85896092e-01 -6.64558316e-01 -2.11859235e-01 -4.90436848e-01 -4.07755071e-01 7.90854921e-03 -3.43984449e-01 -7.87376597e-01 6.44912802e-01
0.00000000e+00 6.97397041e-01 -1.45519815e-01 3.39092433e-01 8.53314099e-01 5.39236009e-01 -2.93272420e-01 8.37537848e-01 7.75925927e-01 -1.51484386e-01 -4.05486186e-01
1.00000000e+00 6.37730101e-01 -3.98445844e-01 4.44660419e-04 -1.28434469e-01 5.26393620e-01 5.93492070e-01 1.37596154e-01 -9.62970293e-01 -9.46713430e-01 4.90728360e-01
0.00000000e+00 4.93239195e-01 -9.49373912e-01 -1.46016952e-01 6.09846136e-01 -8.10796445e-01 -6.65934729e-01 8.67059469e-01 4.58386977e-03 -3.39615222e-01 -5.63786232e-01
1.00000000e+00 -6.58242480e-01 -7.46846416e-01 -7.81709910e-02 3.14072262e-01 -2.13026930e-01 5.36100044e-02 4.53316455e-01 -3.79584190e-01 3.88716677e-01 -9.22837770e-01
1.00000000e+00 -2.15789991e-01 -4.50795630e-01 -1.79840279e-01 -4.44024731e-01 7.78651915e-01 -7.15018408e-01 -3.87501883e-01 1.82656002e-02 9.93844165e-01 4.97157589e-01
1.00000000e+00 6.54800207e-01 -2.90303057e-01 7.11002734e-01 1.13939894e-01 -2.73454785e-01 6.19060975e-01 -1.58206796e-01 8.12118151e-01 -8.52054315e-02 3.18571637e-01
0.00000000e+00 3.62376403e-01 5.71509735e-01 9.96050715e-01 -4.87917952e-01 -2.54677033e-01 9.41411282e-01 4.19856267e-01 3.52068698e-01 -7.83684850e-01 -2.52963435e-01
0.00000000e+00 8.51035915e-01 -5.42510907e-01 2.91510191e-01 5.12316445e-01 9.58463063e-01 9.97629686e-01 8.17967308e-01 5.80334976e-01 9.99493755e-01 -2.43129535e-01
1.00000000e+00 -1.18522162e-01 -2.26520738e-01 4.98184320e-01 2.40415373e-01 -1.87669186e-01 -1.98527316e-01 -2.42792810e-01 1.58182065e-01 7.93144951e-01 1.85146112e-01
0.00000000e+00 -7.81548564e-01 6.82330824e-01 -1.69914891e-01 -7.64837927e-01 3.84268221e-02 7.95390933e-01 4.87083911e-01 -9.03064308e-01 -9.42008941e-01 8.36657236e-01
0.00000000e+00 9.39058825e-01 -5.65992176e-01 -3.76813831e-01 5.46378584e-01 -4.93879491e-01 5.93035909e-01 7.11661190e-01 -5.31572466e-01 -9.28696704e-01 -9.84248995e-01
0.00000000e+00 -9.39267350e-01 -8.05027753e-01 9.20471203e-01 2.52199726e-01 -1.78321820e-01 -5.74750705e-02 -5.05429441e-01 7.69302782e-01 -4.20510408e-01 -7.36940278e-01
0.00000000e+00 -2.75147715e-01 -3.15897829e-01 -5.60072532e-01 4.23244476e-01 8.08694478e-01 -9.63951736e-01 8.28447437e-01 -4.19002702e-01 -4.89066235e-01 -7.04947407e-01
0.00000000e+00 -8.30076424e-01 7.56956422e-01 -5.66077808e-01 4.24894236e-01 4.41837539e-01 9.35440484e-01 2.94681711e-01 -5.88676444e-01 -8.46270691e-01 -7.93806854e-01
0.00000000e+00 8.89849101e-01 -3.62363423e-02 2.87758766e-01 -9.34584370e-01 2.72948868e-01 -5.06619812e-01 4.55654712e-01 7.87741921e-01 5.10766792e-01 -3.49630918e-01
0.00000000e+00 3.95349846e-01 4.15299747e-01 -9.94586499e-01 2.74364105e-01 -7.37212657e-01 3.54646341e-01 -8.69302032e-01 -2.05651969e-01 8.09962158e-01 -8.20513612e-01
1.00000000e+00 -7.77525346e-01 -3.01379621e-01 7.19137499e-01 5.85177293e-01 1.48486694e-01 9.78433269e-01 1.00676930e-01 -8.54696755e-01 9.46411705e-02 -3.63896269e-01
0.00000000e+00 -6.64447335e-01 -1.47139621e-01 2.87163277e-01 -6.86617893e-01 -9.42372989e-01 5.24062274e-01 3.87688321e-01 -9.40056225e-02 1.18338521e-01 -1.08143287e-01
1.00000000e+00 -1.53378194e-01 -6.21691773e-01 -4.73154985e-01 -4.92219140e-01 6.37749274e-01 2.95724945e-01 3.25780811e-01 3.54211398e-01 -6.21333241e-01 -8.13848922e-02
0.00000000e+00 -3.68091845e-01 9.67171618e-01 -2.79244831e-01 -4.45272590e-01 -2.83532881e-01 -5.10343637e-01 9.83907336e-01 -8.45620466e-01 -8.07896161e-01 -8.08613645e-01
1.00000000e+00 6.54312909e-01 1.21563146e-01 -6.79944610e-01 5.97594936e-01 -1.45084576e-01 -3.12071294e-01 8.46599291e-01 5.49813863e-02 3.80817308e-01 -4.22806444e-01
0.00000000e+00 1.09243058e-01 -4.92090658e-01 -5.82288835e-01 -9.53367666e-01 -7.36435081e-02 -9.15545878e-01 -7.29111555e-01 1.50150414e-01 2.36281341e-01 8.47182213e-01
0.00000000e+00 7.23888835e-02 9.84665693e-01 6.40487109e-01 -9.02497258e-01 9.98989059e-01 7.14356009e-01 -3.98666816e-01 2.49679422e-01 -3.90011208e-01 -1.72386064e-01
0.00000000e+00 9.73307450e-01 2.40330686e-01 6.09282231e-01 3.41924931e-01 -2.45946918e-01 9.26748620e-01 9.18905224e-01 -7.41581954e-01 -2.82404081e-01 -1.90337399e-01
0.00000000e+00 8.83918264e-02 6.14193085e-01 5.76575214e-01 -7.68056716e-01 -5.51001726e-01 4.10956395e-01 1.92516280e-01 9.95700975e-01 5.51127582e-01 4.59838846e-01
1.00000000e+00 3.07272961e-01 3.28407574e-01 9.42746392e-01 1.39766049e-01 -2.75069727e-01 3.76070839e-02 4.12058359e-01 -1.97733267e-01 9.56876965e-01 -5.53099758e-01
0.00000000e+00 4.20954753e-01 -9.87173694e-01 3.04709810e-01 -6.91402734e-01 -9.78935253e-01 -6.59446417e-02 -4.81834637e-01 5.15310790e-01 -5.69175954e-01 4.29107744e-01
0.00000000e+00 5.89191506e-01 -2.51218969e-01 5.55623290e-01 2.87434076e-01 -7.67210771e-01 3.50099988e-01 -5.12919502e-01 8.45825477e-01 8.34400946e-01 -8.49081537e-01
0.00000000e+00 1.80707820e-01 6.37810044e-01 -6.47470388e-01 8.30772648e-01 -4.18517155e-01 6.52482918e-01 -6.97901070e-01 4.38398496e-01 -8.92092555e-01 -7.89076654e-02
1.00000000e+00 8.19657695e-01 6.59991258e-01 -5.42403931e-01 -6.99602617e-02 -2.24983668e-01 4.65840497e-01 1.35955854e-01 -3.26679319e-01 4.49516055e-01 -4.89257000e-01
0.00000000e+00 9.32232686e-01 8.55437296e-01 -7.06049673e-01 4.18093570e-01 8.60759052e-01 -3.05365917e-01 -7.78524835e-01 -2.93987574e-01 7.82502105e-01 -4.95443271e-01
0.00000000e+00 4.30386257e-01 -3.23941600e-01 -2.97853507e-01 4.28898741e-01 1.64077642e-01 -9.63407890e-01 2.68297894e-02 -5.48322484e-01 9.99363566e-01 9.49226900e-01
0.00000000e+00 -2.29763849e-02 8.54160686e-01 6.54319053e-02 -7.34941672e-01 5.85103674e-01 -4.21948976e-01 6.30072392e-01 -8.55387627e-01 1.56825442e-01 -2.67673179e-01
0.00000000e+00 7.88385672e-02 -2.40706796e-01 -8.36920866e-02 -2.70938434e-01 7.13824622e-01 -7.56798796e-01 -9.24082059e-01 4.64739385e-01 6.51335099e-01 8.79143249e-01
0.00000000e+00 5.60085762e-01 1.56399704e-01 9.05655664e-01 6.30345179e-01 1.73895141e-01 6.40955672e-02 5.41385470e-01 -7.45979159e-01 3.29512604e-01 6.60838204e-01
1.00000000e+00 4.10970029e-02 2.21943705e-01 -6.78191400e-01 6.63814847e-01 3.75477633e-01 2.32168588e-01 1.79219491e-01 -3.66834391e-01 3.03989282e-01 5.58783149e-01
0.00000000e+00 -6.66841589e-01 7.00149168e-01 -4.10861308e-01 -9.17732730e-01 5.63742672e-01 -9.15411709e-01 7.17799423e-01 7.37421281e-01 -8.79056050e-01 6.45291859e-01
1.00000000e+00 7.34371806e-01 6.80022979e-01 8.95918253e-01 -2.97876926e-02 2.32038237e-01 -1.85891035e-01 -8.11785785e-01 -1.37642918e-01 -5.16270433e-01 2.47560818e-01
0.00000000e+00 3.75832406e-01 3.75666490e-01 -5.48729261e-01 3.83658531e-01 2.67044335e-01 -3.09302768e-01 7.96503692e-01 -7.81266381e-01 9.98145182e-01 -6.47732546e-01
1.00000000e+00 9.79600870e-01 -8.18278616e-02 -7.92453641e-01 2.20290967e-01 1.04613470e-01 4.50219068e-01 2.25996280e-01 -2.88427248e-01 -6.61493488e-01 1.44391617e-01
1.00000000e+00 1.22313791e-01 2.49900517e-01 -3.79754655e-01 -8.05141211e-01 2.56671619e-01 7.98884160e-01 1.61780205e-01 6.37045071e-01 -1.87347664e-01 -4.04833888e-01
1.00000000e+00 1.66406385e-01 -9.99655164e-02 -3.66439612e-01 -8.17049333e-01 5.98414016e-01 9.67527617e-01 7.32906430e-01 1.30917728e-01 -1.25537511e-01 -3.91503303e-01
0.00000000e+00 2.87438700e-01 5.68234902e-01 2.86920253e-01 7.12620635e-01 -5.83309169e-01 2.81639268e-01 8.27484265e-01 -4.73689399e-01 -1.13374301e-01 -9.12554300e-01
1.00000000e+00 -2.83650687e-01 -3.09121848e-01 1.54602311e-01 1.92375603e-01 5.88367799e-01 -3.24096371e-01 8.83016560e-02 -5.67263327e-02 6.23047143e-01 6.47891389e-01
0.00000000e+00 -6.93480507e-01 -1.23452862e-01 -1.60033778e-02 -1.70489268e-01 8.00521050e-02 7.95908326e-01 9.88740759e-01 7.52658217e-01 -7.64546114e-01 3.09755204e-01
0.00000000e+00 6.94267673e-01 8.29062923e-01 9.35122211e-01 -1.02052699e-01 -8.24732748e-02 -9.99099935e-01 -8.55344900e-01 -5.03745169e-01 -5.16053882e-01 -6.42492122e-01
0.00000000e+00 -7.78612816e-02 -6.68094819e-01 -7.69341540e-01 -8.35691062e-01 -9.47549788e-01 -9.22807499e-01 -2.05490607e-01 -1.85721860e-02 -3.96682277e-01 1.35337835e-01
0.00000000e+00 -1.46849267e-01 -4.03239462e-01 -4.35821807e-01 -7.94967883e-01 7.85422093e-01 2.18409989e-01 8.93860994e-01 7.26658031e-01 -1.85902432e-01 -4.98587433e-01
1.00000000e+00 -1.28240904e-01 5.69520276e-01 2.65831849e-01 -4.44163093e-01 -3.77189620e-01 8.67069576e-01 4.13252995e-01 -9.84252244e-02 -3.29811765e-01 1.38980695e-01
0.00000000e+00 2.69794351e-01 7.29830365e-01 -9.77407811e-01 -6.09141911e-01 8.52312767e-01 -2.65382671e-01 1.03448934e-01 -8.99825703e-01 -4.85143076e-01 6.86544753e-01
1.00000000e+00 -7.66856149e-01 4.60192141e-01 6.98668469e-01 -5.47363565e-01 8.74566728e-01 5.86119122e-02 -5.21383857e-01 6.30266693e-02 2.59427706e-02 6.98125031e-01
0.00000000e+00 2.22841293e-01 -2.21861898e-01 9.72676099e-01 -9.08754802e-01 -5.26358834e-01 -8.53298141e-01 5.11319932e-01 9.13956814e-01 -7.08457075e-02 2.75632697e-01
0.00000000e+00 -5.26289113e-01 9.06685351e-01 -8.67947893e-01 -6.83206604e-02 -4.18729876e-01 5.38252199e-01 1.20106063e-02 -5.66303202e-01 -2.49417023e-02 -7.80166481e-01
0.00000000e+00 -8.78166604e-01 9.22541153e-01 3.18350902e-01 -3.74932015e-01 9.79851906e-02 -6.51381849e-01 -1.94717289e-01 9.70616241e-01 -8.93429644e-01 -4.25960390e-01
0.00000000e+00 3.72498108e-01 -7.27201504e-01 -3.23648116e-01 -7.71971476e-01 -6.21795561e-01 -6.94112524e-01 9.14115817e-01 -4.71314141e-02 3.39469590e-01 -7.25302093e-01
0.00000000e+00 3.25404502e-01 7.57716013e-01 -1.58810080e-01 -5.06556843e-01 -3.10170003e-01 9.95381713e-01 6.82290775e-01 -4.60719207e-01 8.94810119e-01 -4.82510408e-01
1.00000000e+00 -3.37819031e-01 -2.22729062e-01 -3.35797596e-01 5.41461971e-01 2.63529488e-01 -8.01832938e-01 5.64976335e-02 6.90317332e-01 -6.55443056e-01 2.22017657e-01
0.00000000e+00 -7.59232245e-01 3.03795949e-01 8.88007664e-01 7.68983558e-01 6.77767369e-01 7.51052540e-01 3.14636572e-01 -9.17099790e-01 5.24393902e-01 9.85662402e-01
1.00000000e+00 -9.51399972e-01 6.51228321e-01 -7.01865405e-01 4.76957522e-01 7.30813128e-01 2.29293530e-01 -4.14614346e-01 3.01792000e-01 -6.44171448e-01 -1.36643120e-01
0.00000000e+00 5.60765610e-02 -5.06088483e-01 -6.31882262e-01 -9.51527114e-01 -3.97856718e-01 -5.94083928e-01 -7.76553338e-01 5.55673941e-01 2.95920246e-01 -2.85080370e-01
1.00000000e+00 1.36734184e-01 -7.37436318e-03 6.66200716e-01 -2.71706254e-01 7.97367867e-01 3.17885557e-01 4.60075425e-01 9.16875506e-03 -6.16620913e-01 -7.51467047e-01
0.00000000e+00 6.37512711e-01 -6.39118804e-01 7.96501364e-01 -4.62549978e-01 -5.43283483e-01 8.02813907e-01 6.71708327e-01 -8.96280614e-01 -3.88853807e-01 -2.78773699e-01
0.00000000e+00 3.42536190e-01 9.94170967e-01 1.87215487e-01 4.77560416e-01 2.03227195e-01 8.69703567e-02 8.60302695e-01 -8.79862880e-01 -5.27775157e-02 8.93602122e-01
0.00000000e+00 -3.50612917e-01 8.38808885e-01 9.03696942e-01 4.05935909e-01 7.02891736e-01 9.47607903e-01 -2.67694870e-01 3.54320573e-01 4.44728766e-01 1.45265890e-01
0.00000000e+00 -5.94355166e-01 -1.10941794e-01 1.09541592e-01 8.83184717e-01 1.00138993e-01 -4.74329246e-01 -2.80551149e-02 -8.38529163e-01 6.39574262e-01 -8.80131804e-01
1.00000000e+00 3.26774544e-01 -6.60120629e-01 5.05553710e-01 -9.08607124e-01 5.70709757e-02 -6.90033302e-01 -7.02199844e-01 -2.99402886e-01 -2.10004828e-01 -1.15387743e-01
1.00000000e+00 4.98023719e-01 -3.05790134e-01 3.74837782e-01 4.90855650e-01 5.54115463e-01 -2.90160475e-01 -6.81956989e-01 1.14038371e-01 6.62494650e-01 -6.54645755e-01
0.00000000e+00 8.86280559e-01 2.82871831e-01 9.34545564e-01 -3.02423707e-01 -8.78563285e-01 -3.69519535e-01 -1.18763665e-01 -6.21058783e-01 5.35390370e-01 8.49460971e-01
1.00000000e+00 7.48252935e-01 2.61760519e-01 1.26090238e-01 6.71744741e-01 6.89468350e-01 6.94634397e-02 7.64160931e-01 -3.85282362e-02 -5.33796125e-01 5.39258371e-01
1.00000000e+00 4.43796112e-01 6.60820498e-01 -1.76556668e-01 1.16141526e-01 -7.80826492e-01 6.47699435e-02 -5.15423616e-01 -1.00693638e-01 -7.73577341e-01 5.91013507e-01
1.00000000e+00 2.04608596e-01 -3.89241834e-01 7.77063777e-01 5.91289474e-01 7.80990098e-02 -2.83068688e-01 5.99261230e-01 6.89841734e-01 6.29897033e-01 2.18842700e-01
0.00000000e+00 -7.58158478e-01 -1.89729918e-01 -1.56733488e-01 1.17758326e-01 5.49004392e-01 -8.11372918e-01 -7.00018213e-01 -8.47596905e-01 5.05159681e-01 -7.14662363e-02
0.00000000e+00 -1.29276074e-01 7.74614459e-01 -5.19834822e-01 -5.81490863e-01 2.85105254e-01 -6.93918268e-01 -9.75466916e-01 -3.97910694e-01 -8.59830798e-01 8.05268913e-01
1.00000000e+00 -3.53029019e-01 2.80504075e-01 1.31307607e-02 6.92754562e-01 -4.39267946e-01 -1.38979178e-01 -5.92838347e-01 -4.33597649e-01 -6.98068965e-01 -1.28132243e-01
0.00000000e+00 8.17543304e-02 -2.73082556e-01 6.74680524e-01 8.14851889e-01 8.15787251e-01 -8.70204207e-01 2.89841279e-01 5.46324395e-01 7.41928662e-01 7.05332352e-01
1.00000000e+00 -6.36174710e-01 7.70300138e-01 4.33392932e-01 1.85608067e-01 3.59656278e-01 -2.26347438e-01 4.53615971e-01 -6.75347461e-01 -8.44319518e-01 -3.99351558e-01
1.00000000e+00 -7.20703925e-01 -7.74394626e-01 -1.38856114e-01 4.74268359e-01 5.98711449e-01 5.32345325e-01 6.61247125e-01 3.92942969e-01 -9.43555300e-01 -1.99044670e-02
0.00000000e+00 2.17127134e-01 -8.09664185e-01 -6.55742906e-01 -4.59000390e-01 5.24048940e-01 7.42848975e-01 -1.52081464e-01 -8.85810889e-01 -2.20237744e-01 -6.55849212e-01
1.00000000e+00 7.73494102e-01 -1.72090680e-01 5.83181459e-01 -2.22705830e-01 -7.38802066e-01 8.23967689e-01 4.37384997e-01 5.13932363e-01 7.37256873e-01 4.53781318e-01
0.00000000e+00 -7.21274084e-01 6.80476598e-01 -4.38057875e-01 5.48187295e-01 -8.94505688e-01 -4.47302865e-01 9.76147721e-01 1.17960337e-01 9.09181550e-01 6.65932178e-01
1.00000000e+00 2.92507920e-01 -1.72313803e-01 -6.26951069e-01 6.49819392e-01 -7.63252448e-01 4.48385623e-01 6.85666254e-02 -4.85614068e-01 -5.19758569e-01 -7.75127821e-01
1.00000000e+00 1.56413539e-01 1.11924666e-01 7.28521202e-01 6.47062803e-03 3.83594351e-01 7.62665699e-01 1.14343558e-01 -7.02075304e-02 4.32260815e-01 3.02540444e-01
0.00000000e+00 9.35205236e-01 8.61917264e-01 3.40023856e-01 -1.39305393e-02 -6.60494076e-01 1.63964175e-01 7.44322404e-01 9.38496457e-01 -6.76366602e-01 -7.64401502e-02
0.00000000e+00 -2.03718272e-01 -6.89264586e-01 -4.51756247e-01 7.53931313e-02 1.24540449e-01 9.78083272e-01 -8.89361600e-01 3.03220772e-01 -6.16962629e-01 9.53110028e-01
1.00000000e+00 3.08962260e-01 2.58165545e-01 5.67681813e-01 2.22803114e-02 3.95857465e-01 -4.11146508e-01 -1.65478549e-01 -2.05302569e-01 -6.96524824e-01 8.36317479e-01
1.00000000e+00 8.32119578e-01 5.15536311e-01 -2.96326938e-01 -7.44267396e-01 6.16279982e-01 4.02794156e-01 7.63348439e-02 -4.36867599e-01 3.31325281e-02 5.13302402e-01
0.00000000e+00 1.28984664e-01 8.40356466e-01 -8.19164742e-01 -1.57940135e-02 9.06631903e-01 2.78247236e-01 4.46391182e-01 -8.90615913e-01 -7.83173911e-01 1.42416881e-02
0.00000000e+00 4.01876717e-01 7.50999454e-01 -5.76270125e-01 6.02246976e-01 -3.47755004e-01 1.07418937e-01 9.21077118e-01 7.59957086e-01 -8.60446450e-01 -3.84243274e-01
1.00000000e+00 2.31798327e-01 -4.33308870e-01 -5.05174293e-02 -8.50192909e-01 1.61225103e-03 1.61569472e-01 -7.04866969e-01 7.72741572e-01 -1.50199085e-01 -4.72632063e-01
1.00000000e+00 3.07249227e-03 4.29247223e-01 -2.06510841e-01 -7.24247017e-01 -3.54113973e-01 8.20303947e-01 4.55123923e-01 -2.27782920e-01 5.59684581e-01 6.65057817e-01
0.00000000e+00 -5.40363253e-01 9.09484761e-01 8.87447406e-01 7.97298748e-01 7.54262537e-01 9.55447909e-01 2.86483683e-03 5.79516269e-01 3.16083094e-01 -4.65999685e-01
0.00000000e+00 6.77176743e-01 4.24525813e-01 8.29060831e-01 6.88459777e-01 7.29103390e-01 4.85162950e-01 6.97419498e-01 5.45325196e-01 -2.23210815e-01 -1.56992334e-03
0.00000000e+00 1.55362760e-01 5.90772067e-01 -8.11390654e-01 -5.18644397e-01 9.51931516e-01 8.68249369e-01 -4.25790295e-01 -2.28540729e-01 -2.03217741e-01 7.11405331e-01
0.00000000e+00 2.95546003e-01 1.24287167e-01 8.31377658e-01 -1.02918517e-01 5.66540286e-01 8.32024962e-01 -9.65791926e-01 9.85126246e-01 3.76871596e-01 9.42134107e-01
0.00000000e+00 -1.46263187e-01 -9.01278335e-01 -8.26746663e-01 -1.51923518e-01 3.05603047e-01 -7.73643737e-01 7.21377317e-01 -1.01293812e-01 -1.65075294e-01 -8.09600037e-01
0.00000000e+00 6.58706373e-01 5.98828195e-01 -3.82138831e-01 -6.45936759e-01 7.35017156e-02 7.33966253e-01 -5.51648880e-01 7.37044556e-01 -7.51190788e-01 -4.82367450e-01
0.00000000e+00 7.59153000e-02 -9.04314766e-01 5.72317877e-01 4.38556639e-01 -1.37995510e-01 2.95599468e-01 9.46225242e-01 -4.85341119e-01 1.18324616e-01 5.42776721e-01
0.00000000e+00 -9.20408285e-01 -8.18306372e-02 8.31385733e-01 -7.11073962e-01 2.66611632e-01 6.81507016e-01 -7.98575239e-01 7.86845190e-01 -7.80968179e-01 -5.15460203e-01
1.00000000e+00 -6.81744424e-01 4.16090037e-01 1.52426178e-01 3.27200044e-01 -3.96453307e-02 -3.25769862e-01 -9.99202092e-01 -2.47464920e-01 -4.76918723e-01 5.34230021e-01
0.00000000e+00 -1.29146712e-01 3.93443993e-01 7.07606059e-01 5.77966341e-01 6.12221203e-01 3.26145375e-01 -8.38257865e-01 -3.03581371e-01 -9.49430693e-01 7.74573539e-01
0.00000000e+00 1.95080792e-01 -8.26961805e-01 -2.96195774e-01 -6.59438066e-01 -3.12353564e-01 -7.43226048e-01 -2.70696958e-01 -5.70453791e-01 9.72455043e-01 4.40179557e-01
1.00000000e+00 9.53186118e-01 6.52971305e-01 3.18399432e-01 5.58022238e-01 1.52068948e-01 -5.55695192e-01 1.86800893e-02 -5.22461848e-01 -6.83699962e-01 6.40037568e-02
0.00000000e+00 -4.81038833e-01 -9.67490327e-01 -9.27581255e-01 -4.74588269e-01 3.88968185e-01 9.42926762e-01 -5.87320162e-01 7.18176442e-03 1.09827130e-01 2.65417630e-01
0.00000000e+00 -6.84582690e-01 -8.57291075e-01 1.29780870e-01 9.73898692e-01 8.57141537e-01 6.98756786e-01 -8.23480206e-01 -5.60933727e-01 -3.86365167e-01 2.13129216e-01
0.00000000e+00 3.75820183e-01 5.32616702e-01 7.63316518e-01 -9.55103402e-02 7.89152132e-01 -1.63450864e-01 -6.68807712e-01 4.59663660e-01 8.14930430e-01 9.82314777e-01
0.00000000e+00 -7.77479768e-01 4.71868009e-01 -7.62522256e-01 3.60503607e-01 -3.32216765e-01 9.52589737e-01 8.86303252e-01 -6.66415873e-01 8.95592424e-01 -5.25411350e-01
1.00000000e+00 1.12164276e-01 7.27438221e-01 -3.34635202e-01 4.58713407e-01 8.97957210e-01 -1.73823020e-01 4.11980063e-01 4.26942358e-01 -9.49449646e-01 4.21962474e-01
0.00000000e+00 -6.93329390e-01 9.25182952e-01 -7.28674949e-01 -7.74766424e-01 -9.75301582e-01 6.05040374e-01 -3.75186117e-01 -6.19386400e-02 -2.29860611e-01 6.14794129e-01
0.00000000e+00 -8.94978811e-01 -9.87980379e-01 -9.01865675e-02 9.45831123e-01 -8.81491264e-01 6.06498387e-01 7.04244916e-01 6.58324596e-01 6.51114263e-02 -1.24042829e-01
1.00000000e+00 -1.35681847e-01 -2.66858448e-01 9.49499765e-01 7.95998647e-01 8.38929692e-01 2.66280451e-01 9.78152284e-02 -2.49644214e-01 2.30099086e-01 7.54041109e-01
1.00000000e+00 5.31323376e-01 7.36180759e-01 -6.06420482e-01 7.61540444e-01 -3.32979044e-01 4.13389890e-01 6.36927690e-01 2.54831553e-01 -2.65661432e-01 -7.67670554e-02
1.00000000e+00 -3.72548688e-01 5.63642423e-01 2.36895510e-01 -8.60662350e-02 2.46762279e-01 4.35094568e-01 -7.19081667e-01 -7.17043247e-01 7.35745322e-01 3.13769689e-01
1.00000000e+00 6.05439639e-01 2.70559351e-01 -2.81528444e-01 6.23213766e-02 -4.45238594e-01 -6.59645987e-01 1.36520047e-01 -3.11163554e-01 6.40787881e-01 -9.34867426e-01
0.00000000e+00 -9.41197381e-01 2.60108802e-01 8.93272631e-01 1.85185227e-02 3.69965424e-01 -1.13565772e-01 -6.18219670e-01 8.12154814e-01 -2.69165857e-01 -9.61456458e-01
1.00000000e+00 -4.16947164e-01 -4.59335205e-01 -8.33281969e-01 -9.19391838e-01 -1.11767037e-01 -3.83193226e-01 7.08943526e-01 -1.29994314e-01 -7.10729771e-01 -6.88607613e-01
0.00000000e+00 2.75151009e-01 -6.91651058e-01 -2.75229462e-01 -6.04181123e-01 3.81133242e-01 -2.08960248e-01 9.16755680e-01 4.68971312e-01 -5.60669026e-01 -8.38697605e-01
0.00000000e+00 1.32117280e-01 2.75379252e-01 7.75788251e-01 -3.78763334e-01 -2.34651846e-01 -5.99659441e-01 -8.81105967e-01 9.55714003e-01 8.00897087e-01 -2.03289672e-01
1.00000000e+00 1.49766493e-01 7.89696695e-02 6.74715462e-01 4.89454537e-01 5.73619005e-01 -8.48701424e-01 7.46410867e-01 5.44593506e-01 7.32340193e-01 1.61277269e-01
0.00000000e+00 7.32406980e-01 9.41062974e-01 -9.21898717e-01 1.45252814e-01 -5.09637260e-01 -7.31933843e-02 9.96040783e-01 -6.26689747e-01 -6.83799360e-01 3.38950270e-02
1.00000000e+00 3.80450800e-01 -3.10929255e-02 6.36717238e-01 -2.39154612e-02 -9.23607036e-01 -2.78446167e-01 -4.97990367e-01 -3.15969390e-01 4.71112631e-01 4.42290222e-02
1.00000000e+00 3.26618215e-01 -3.67754875e-01 -1.40709934e-01 -5.44846334e-01 3.03598212e-01 -9.25851531e-01 -3.21090053e-01 -3.22086904e-01 -3.34675228e-01 8.21915872e-01
1.00000000e+00 7.47586988e-01 -5.03049430e-01 5.85490271e-03 -6.01002983e-01 -1.24623863e-01 -2.98331549e-01 -2.83475938e-01 1.41738573e-01 -2.07979099e-01 -3.65864498e-01
1.00000000e+00 -4.34617313e-01 8.93338375e-01 1.68308411e-01 2.45549638e-01 8.49307566e-02 1.91952843e-02 -5.45993220e-01 -2.63454914e-01 7.95630831e-01 -1.19158599e-01
0.00000000e+00 7.49592042e-01 3.32025299e-01 5.84304220e-01 7.94020916e-01 -4.06308550e-01 -9.39593093e-01 -6.96984870e-01 7.45757495e-01 6.21700906e-01 -5.45620833e-01
0.00000000e+00 4.78254661e-01 -6.89908115e-01 7.01121294e-01 -5.16528284e-01 6.71726741e-01 -8.35533495e-01 -4.01267144e-01 -4.74502459e-01 -9.93814808e-01 -3.13428526e-01
0.00000000e+00 8.68751251e-01 -9.44574422e-01 -8.51972428e-01 6.38448826e-02 -9.11759918e-01 2.62841963e-01 4.55981106e-01 -6.58293114e-01 -8.33872858e-02 -1.79531898e-01
1.00000000e+00 -9.31042241e-01 -5.45811323e-01 -1.27975824e-01 9.22908218e-01 1.52296217e-02 -9.90644408e-01 2.27067950e-02 3.43038301e-01 -6.49493632e-02 -2.58254192e-01
0.00000000e+00 9.08443453e-01 9.43072163e-01 7.93070296e-01 3.51189861e-01 7.49431323e-01 -4.81815063e-01 -2.62858072e-01 8.15322382e-01 -9.75564287e-01 8.18193989e-03
1.00000000e+00 -5.33827961e-01 3.25962804e-01 2.23350965e-01 3.46577833e-01 3.26713469e-01 -4.62958336e-01 -1.74773857e-01 -9.15580071e-02 2.39233060e-01 -6.98506806e-01
0.00000000e+00 5.71012199e-01 -5.50535315e-01 1.59337497e-01 1.83973306e-01 -5.39780350e-01 -8.33872598e-01 5.66279116e-01 -6.96228767e-01 5.89623162e-01 -7.27506753e-01
1.00000000e+00 1.29868105e-01 7.90522597e-01 2.14178492e-01 2.61832489e-01 2.69395147e-03 6.32771857e-01 6.19137320e-01 -1.20626458e-01 -4.41054148e-01 -8.22912718e-01
0.00000000e+00 -7.47103185e-01 6.59487903e-01 5.17234464e-01 9.20241814e-01 -5.94246109e-01 7.46299548e-01 3.05560505e-01 -5.09503313e-01 -3.70978211e-01 8.26126366e-02
1.00000000e+00 -4.93615359e-01 5.80356511e-01 2.04451634e-01 2.56585199e-01 5.99547522e-02 -9.50615405e-01 4.27052110e-01 -2.45953608e-01 -5.07163823e-01 8.76253618e-02
0.00000000e+00 -5.98071307e-01 -2.14684582e-01 9.63552103e-01 1.91356814e-01 7.97909464e-01 1.17260234e-01 -7.18708837e-01 6.83556042e-01 6.74554252e-01 6.14538263e-01
0.00000000e+00 -9.90663061e-01 -1.47520845e-01 9.13144925e-01 -6.91059430e-01 -8.38450864e-02 -5.04032150e-01 2.02855815e-01 2.55798751e-01 2.11915786e-01 -5.56852351e-01
1.00000000e+00 5.62918571e-01 -5.16931355e-01 -7.99332262e-01 2.31532894e-01 -5.37965464e-02 -1.16808885e-01 -8.70817274e-01 4.83222031e-01 1.70419296e-01 -4.35696372e-01
0.00000000e+00 9.86602414e-01 6.25958131e-01 -7.51359684e-02 3.68230805e-01 -2.94863703e-01 1.61962649e-01 5.58342889e-01 7.21371597e-01 6.35200261e-02 8.23189504e-01
0.00000000e+00 -8.91808059e-01 -7.76132434e-01 1.10218423e-01 -9.01115686e-01 6.71728669e-01 8.65438943e-01 3.98074362e-01 -3.45663942e-01 6.74906964e-01 5.78627603e-01
1.00000000e+00 2.15156829e-01 3.93604374e-01 -4.54953809e-01 -7.80676779e-01 -4.25450241e-01 3.26605990e-01 5.16489430e-01 -3.31559530e-01 -8.20542138e-01 -9.10328210e-01
0.00000000e+00 7.55138918e-01 -5.84219503e-01 -9.25225803e-01 -9.23856957e-01 5.89385419e-01 -4.34546107e-01 7.45398160e-01 -7.30111107e-01 9.93898260e-01 -7.19459213e-01
1.00000000e+00 1.79349188e-03 -4.73373525e-01 6.71926389e-01 -5.63372652e-01 6.95170980e-01 -3.82322402e-01 5.83410662e-01 4.50324317e-01 2.95873884e-01 -9.00880635e-01
1.00000000e+00 7.09307748e-01 1.01562972e-01 -3.69524552e-03 1.70868409e-01 -2.04160366e-01 8.51120424e-01 -8.93490328e-01 5.25634872e-02 8.31355541e-02 3.27910844e-01
0.00000000e+00 -8.85083135e-01 -9.06308042e-02 2.73700212e-01 -6.89889759e-01 6.45341311e-01 -8.01840732e-01 3.07061215e-01 8.40305085e-01 -5.74560317e-01 6.35770588e-01
0.00000000e+00 -8.19400780e-01 -3.26865178e-01 7.57239763e-01 -5.15037071e-01 -8.95014344e-01 6.55552103e-01 4.17411888e-01 8.91231367e-01 -7.13270026e-02 6.66950280e-01
1.00000000e+00 -2.40781189e-01 7.30725581e-01 -7.41480010e-01 -1.93407675e-01 -4.65847594e-01 -9.08856361e-01 2.45554989e-01 -1.32367848e-01 3.04392299e-01 -3.74810630e-01
1.00000000e+00 -2.22397062e-01 -5.37824732e-01 7.32936906e-01 8.89793739e-02 -8.42603569e-01 -3.38630638e-02 -1.73531709e-01 5.15002774e-01 -2.76206074e-01 -3.65398718e-01
0.00000000e+00 1.95688401e-01 -1.90634335e-01 -5.75186526e-01 -1.73823975e-01 5.42717929e-01 5.28330331e-01 9.58432225e-01 1.62883012e-02 1.75395845e-01 -8.64363973e-01
0.00000000e+00 9.73561946e-01 -7.86617283e-01 4.03003587e-01 -6.75117664e-01 -8.90678225e-01 -7.96881501e-01 1.62027858e-01 6.79050735e-01 -4.82196893e-01 2.73122511e-01
1.00000000e+00 -5.11540145e-01 8.61568930e-01 4.92901367e-01 -2.30101023e-01 -6.49200463e-01 -2.91684153e-02 -7.78736317e-01 6.08813849e-01 -4.19299264e-01 3.43797126e-01
0.00000000e+00 -7.66861252e-02 -8.45998499e-01 -8.27356727e-01 5.16233965e-01 2.65870485e-01 -9.23636117e-01 -2.25804973e-02 -1.12109800e-01 7.23303483e-01 6.78250723e-01
1.00000000e+00 9.44366528e-01 1.19366267e-01 -4.15927662e-01 -6.99933204e-01 -3.27071480e-01 -4.32493858e-01 -1.26226675e-01 -2.04461432e-01 -7.04665659e-01 -2.67163925e-01
1.00000000e+00 -9.86416376e-01 1.55997890e-01 -6.09681273e-01 3.44735432e-01 7.99667641e-01 4.46499397e-01 4.99668284e-02 -9.29900755e-01 4.35648966e-01 4.09114492e-01
1.00000000e+00 7.33855597e-01 -5.04531687e-01 8.29839921e-01 -8.62506434e-01 -2.11779152e-02 4.09071773e-01 -9.50763710e-03 -7.44695149e-01 -2.27045660e-01 -6.88730359e-01
0.00000000e+00 4.69249244e-01 -4.17100723e-01 9.12320940e-02 -7.28355795e-01 3.98246771e-01 -9.37518428e-01 -4.26182483e-01 7.57670837e-01 3.23314826e-01 8.39308738e-01
0.00000000e+00 -4.45236022e-01 -7.29833356e-01 2.78588733e-01 8.12955570e-01 -2.33677728e-01 6.28255331e-01 5.73358706e-01 -8.32959338e-01 -7.96310415e-01 -4.04894682e-01
1.00000000e+00 -7.00555097e-02 -4.99350298e-01 -3.11082589e-01 -5.99773424e-01 6.41026243e-02 5.06738495e-01 -5.33656726e-02 3.38188361e-01 2.01598055e-01 1.55511623e-01
1.00000000e+00 -4.10020750e-01 -5.67700205e-01 9.26058338e-02 -9.31157369e-01 -6.25845701e-01 -8.30452239e-01 1.37727854e-01 8.93947306e-01 -2.76793181e-01 2.92973928e-01
1.00000000e+00 -9.93501859e-01 -3.17408692e-01 -5.11074459e-01 -4.07339013e-01 5.39635161e-01 2.69233842e-01 2.16257597e-01 -2.00456642e-02 2.17658577e-01 9.25864837e-01
1.00000000e+00 -2.53679884e-01 4.98807124e-01 -4.75562121e-01 8.16257163e-01 1.68363961e-01 -9.96547739e-01 -1.70680405e-01 1.67248489e-01 -1.43673885e-01 -1.79379725e-01
1.00000000e+00 -9.65194394e-01 7.04815901e-02 -2.68709303e-03 9.32427630e-01 -5.34757379e-02 5.97291221e-01 -8.43719164e-02 3.98239810e-01 1.42223777e-01 4.63567256e-01
1.00000000e+00 1.37109373e-01 -7.98384896e-01 -2.34226818e-01 -8.34647700e-01 2.12454453e-02 -1.59575389e-01 2.48370710e-01 -3.52253761e-01 -9.34805094e-01 3.94683544e-01
0.00000000e+00 -7.44846390e-02 -9.99184629e-02 -9.07870921e-01 -7.77597080e-01 9.10692113e-01 3.21608645e-01 4.40094228e-01 9.81269614e-01 3.74805847e-01 1.29910011e-01
1.00000000e+00 -3.98872004e-01 -4.82289526e-01 9.57738211e-01 -1.90627056e-01 3.04866720e-01 7.54991928e-01 6.21299974e-01 2.99425671e-02 -2.15056308e-01 -4.60847759e-01
0.00000000e+00 6.15565333e-01 5.28045949e-01 2.67550382e-01 -8.77018579e-01 -1.88655169e-01 4.25809182e-01 -9.11850702e-01 9.92567189e-01 -4.13031066e-02 -4.97608126e-02
1.00000000e+00 -7.72541885e-01 7.59081038e-01 3.46276729e-01 7.62333905e-01 5.41905853e-01 -5.14638959e-01 1.79690489e-02 -4.24419333e-01 -1.26466332e-02 -2.53592801e-01
1.00000000e+00 8.35236164e-01 1.29485823e-01 3.65719022e-01 -1.72568026e-01 5.11690170e-01 -5.26078238e-01 -2.87989036e-01 -7.14820462e-01 3.57333554e-01 7.42911564e-01
1.00000000e+00 -2.61563762e-01 4.76521877e-01 1.68123859e-01 -6.36503256e-01 -1.60979428e-01 -3.99495138e-01 -6.73033235e-01 2.45446289e-01 2.14659015e-01 9.67772771e-01
0.00000000e+00 -3.16716303e-03 7.15647580e-03 -8.76410037e-01 5.56563742e-02 7.61869861e-01 -4.51650727e-01 -2.29704123e-01 9.89973388e-01 5.06163811e-01 4.47417685e-01
0.00000000e+00 6.61333009e-01 -2.20942832e-01 -3.53065831e-01 -4.77829875e-01 -1.57455220e-01 6.50307482e-01 -4.32019578e-01 8.02102407e-01 8.44451815e-01 -8.03467528e-01
1.00000000e+00 1.04166230e-01 -4.44606038e-01 -2.92744814e-01 -3.69791830e-01 4.30755082e-02 5.91711832e-05 2.69087882e-01 -9.63733786e-01 4.16269704e-01 7.10112712e-01
0.00000000e+00 4.57337754e-01 8.76588374e-01 -4.41081763e-01 3.73340016e-01 8.42311129e-01 3.43033581e-01 5.19954250e-01 -1.22421207e-01 6.93390973e-01 -6.96946444e-01
0.00000000e+00 -9.46079577e-02 -8.89622706e-01 1.00122058e-01 9.98116394e-01 3.77791851e-01 -6.37224982e-01 -1.23553964e-01 -4.34565896e-01 1.23732201e-01 -6.84364620e-01
0.00000000e+00 -7.99248468e-01 -5.46065368e-01 9.12388233e-01 -7.08592823e-01 7.35034269e-01 -7.57357979e-01 5.36405808e-01 -3.76484646e-01 7.00783956e-01 4.05896014e-01
0.00000000e+00 -2.71466640e-01 -5.38255536e-01 -1.88101227e-01 -7.12590563e-01 2.97655314e-01 9.51808473e-01 5.11057803e-01 -7.99661100e-01 -5.66395446e-01 -8.96934719e-01
0.00000000e+00 5.64986730e-01 -3.18791565e-01 -9.07911428e-02 -6.75090717e-01 -6.06478922e-01 7.65691211e-01 -6.09751573e-01 9.37346649e-01 -5.12994922e-01 3.88921220e-01
0.00000000e+00 7.16137653e-01 -7.56710103e-01 -2.61587037e-01 -3.01345042e-02 -6.43462005e-01 -9.09382740e-01 7.78197218e-01 8.91367494e-01 -4.40694663e-01 7.53293967e-01
1.00000000e+00 3.92325063e-01 -2.47159261e-01 -5.73370077e-01 -7.42818212e-01 7.99679369e-01 6.01026183e-01 -1.36603878e-01 -7.25931610e-01 4.49382451e-01 -1.20991945e-01
1.00000000e+00 1.52524712e-01 2.25169399e-01 6.97527399e-01 8.59270889e-01 7.42416631e-01 1.76358808e-02 1.04203799e-01 -2.73953096e-01 -1.56406252e-01 9.84909869e-01
1.00000000e+00 -3.15999565e-01 -5.08315158e-01 2.18792152e-01 3.38959497e-02 -1.40064657e-01 -7.32002207e-01 3.38611699e-01 -5.40167830e-01 1.17085990e-01 6.77893602e-01
0.00000000e+00 -2.61734965e-01 -9.25814301e-01 7.52263628e-01 -8.53338557e-01 5.73925967e-01 6.97980854e-01 1.99451961e-01 8.25439576e-01 -2.41241152e-01 -3.43613042e-02
1.00000000e+00 3.94024064e-01 5.54129528e-02 -1.28423100e-01 4.14557944e-01 4.78261388e-01 5.67953128e-01 -1.70976837e-01 -7.78565788e-01 6.15648884e-01 -5.99692374e-01
1.00000000e+00 2.50003107e-02 -2.95772973e-01 3.41807254e-01 8.46364189e-01 -7.74298864e-01 8.45398789e-01 -1.60605369e-01 -3.97391127e-01 -4.18593076e-01 9.31388317e-01
1.00000000e+00 -3.07487630e-01 -5.37210641e-01 1.27246805e-01 -4.36967074e-01 4.27585085e-01 -2.81582361e-01 -4.36346796e-01 -2.07278311e-01 4.84628363e-01 -8.16943710e-01
1.00000000e+00 5.40078064e-01 4.10053631e-01 -2.99365341e-01 -4.31196880e-01 -3.38170840e-01 9.14431713e-01 -4.34094752e-01 -7.16557176e-01 -6.14739257e-02 8.24319938e-01
1.00000000e+00 -9.63829579e-01 -1.72101721e-01 -7.22042498e-01 -3.08834063e-01 -2.00730411e-02 4.87805271e-01 -5.07825888e-01 1.58588988e-01 -1.47706936e-01 2.31652211e-01
0.00000000e+00 7.55758714e-01 -9.61366659e-01 -7.13006673e-01 -7.64758354e-02 2.12611139e-01 -9.30341022e-01 4.48258021e-01 2.79197894e-01 -5.92807088e-01 4.64473559e-01
1.00000000e+00 1.32144387e-01 2.07196998e-01 5.35182207e-02 -4.20088868e-02 -6.03406718e-01 -1.99178343e-01 -6.01085409e-01 9.43250742e-01 -2.81601031e-01 -8.37855362e-01
1.00000000e+00 9.31216902e-01 -3.09196935e-01 8.58851323e-01 -5.04413537e-01 -7.19148321e-01 3.21717738e-01 -7.35792171e-01 2.26036572e-01 -4.48069861e-01 -2.56922704e-01
1.00000000e+00 1.71894316e-01 -2.35075414e-01 -1.83602421e-01 -1.63013543e-01 -2.42495085e-01 -9.11041602e-01 9.63876065e-01 5.92977271e-01 3.81983814e-01 -4.33822755e-02
1.00000000e+00 2.26504565e-01 -2.38139685e-01 -4.02621596e-02 6.21527772e-02 8.89807429e-01 2.34830912e-01 9.32574405e-02 8.47098136e-02 -2.23552789e-01 1.01358534e-01
1.00000000e+00 6.20986693e-01 2.47614394e-01 6.51066618e-01 -2.37008324e-01 7.21921496e-01 -9.36671235e-01 5.37430440e-01 2.60740799e-01 -5.25969568e-01 -1.20484883e-01
1.00000000e+00 -1.19932033e-01 6.97265481e-01 6.20063984e-01 -5.20729469e-01 -3.18406835e-01 -6.41605066e-02 -3.55767585e-01 8.47812105e-01 1.55254701e-01 6.69601817e-01
1.00000000e+00 -8.75676156e-01 5.56934279e-01 3.12824661e-01 1.84114833e-01 4.48617127e-01 7.68608203e-01 6.92983566e-02 -3.08581112e-01 1.73613034e-03 5.45231331e-01
1.00000000e+00 -4.20416283e-02 -2.61801326e-01 -3.90463245e-01 6.66014965e-01 -6.74430155e-01 -5.57616326e-01 -3.82594297e-01 5.05537727e-01 9.91405459e-01 4.16171600e-02
1.00000000e+00 9.89789737e-01 -4.19586198e-01 -7.23781253e-01 2.84280153e-01 -6.31692339e-01 3.52163571e-01 9.78504926e-01 -9.92886162e-02 -3.55182968e-01 5.94019494e-01
0.00000000e+00 -2.47539024e-01 -5.08370901e-01 -7.17044060e-01 -5.87928560e-01 -9.38442758e-01 -7.23982848e-01 3.32083127e-01 -8.82302053e-01 3.92938076e-02 -6.65831118e-01
0.00000000e+00 3.31796736e-01 -4.55305085e-02 3.74749474e-01 8.38835727e-01 3.66009889e-02 9.68097599e-01 -5.17532731e-01 2.70226873e-01 9.77504667e-01 6.66209723e-01
1.00000000e+00 6.95656187e-01 2.00305584e-01 1.99523370e-01 4.44648305e-01 -5.57069397e-02 -7.05766960e-01 6.21987384e-01 -5.38275111e-01 1.88153844e-01 -3.90623036e-02
0.00000000e+00 -4.49164303e-01 3.66278165e-01 9.41205044e-01 6.31044810e-01 4.16796199e-01 -7.22491038e-01 -3.80489608e-01 3.51045478e-01 -5.64922577e-01 -7.19750014e-01
0.00000000e+00 5.14778204e-01 -8.22452779e-01 7.29055008e-01 4.60982551e-01 -2.65165952e-01 -7.96513518e-01 5.93352248e-01 9.04647099e-01 6.05941191e-01 -5.41282924e-01
1.00000000e+00 -1.18423636e-02 -5.53421999e-01 2.89174118e-01 1.75797580e-01 3.95906300e-01 -2.95991289e-01 -6.47886707e-01 -1.78110172e-01 9.17463598e-01 -3.27169059e-01
1.00000000e+00 -2.51570647e-01 8.39743652e-02 -3.56352486e-01 -2.00473851e-01 -6.98447333e-01 -6.21085856e-01 6.95113491e-01 6.21777039e-01 3.45267566e-01 -8.84238568e-02
0.00000000e+00 4.37090250e-01 -9.67254612e-01 6.88815846e-01 -7.31805724e-01 -9.34166740e-01 1.41588742e-01 4.17722076e-01 -7.09519580e-02 -7.36613686e-01 1.33634903e-01
1.00000000e+00 -4.16114095e-01 2.96642916e-01 -3.88887637e-01 8.41391081e-01 4.03337470e-01 8.15993551e-01 5.93707280e-02 -5.60020442e-01 -1.97921961e-01 -1.69908777e-01
0.00000000e+00 9.43235639e-01 7.38538439e-01 -4.13808201e-01 3.46328226e-02 5.81006988e-01 -7.29380854e-01 1.16158335e-01 9.32544831e-01 5.74159158e-01 7.70391115e-01
0.00000000e+00 1.80223735e-01 -4.19059499e-01 -3.92982883e-01 7.01419048e-01 6.81565665e-01 -9.45092173e-01 7.44209449e-01 -9.99606405e-01 9.01241405e-01 -3.60225825e-01
0.00000000e+00 -7.25336776e-01 -9.43880647e-01 -8.80215523e-01 -6.99088889e-01 -5.63009035e-01 5.34620796e-01 -4.99526798e-02 2.14745379e-01 -7.75813190e-01 -2.81957689e-02
1.00000000e+00 1.22136861e-01 8.90031471e-01 -9.43134945e-01 3.40553341e-02 5.69779386e-01 5.44378930e-01 8.52196663e-04 -4.06046970e-01 1.99053851e-01 -9.24410948e-03
0.00000000e+00 -8.28340706e-01 5.78891125e-01 3.19826351e-02 -3.64380913e-01 5.33404005e-01 -1.35240834e-01 -8.85392728e-01 -8.57161830e-01 -6.07799845e-01 3.72615576e-01
1.00000000e+00 -9.63682847e-01 3.53223971e-01 -7.69229074e-02 1.97654065e-01 4.92719809e-01 4.23520023e-01 -6.29728952e-01 -4.45359037e-01 7.46451550e-01 3.89260540e-01
0.00000000e+00 5.82148554e-01 2.26585788e-01 4.61622122e-01 -9.25056669e-01 6.09719730e-02 -6.95377841e-02 -8.17454347e-01 5.26108729e-01 -7.37637345e-01 -9.10325496e-01
0.00000000e+00 6.03832139e-01 7.79045283e-01 -6.11907805e-01 3.34958803e-02 -5.85995019e-01 5.99478258e-02 6.27057263e-01 5.67806136e-01 -8.51517929e-01 -5.21424465e-01
0.00000000e+00 5.15856098e-01 -4.12565606e-01 -7.64032960e-02 7.62879495e-01 6.18653348e-01 -8.56280238e-01 -8.13544588e-01 9.18162437e-01 -6.10309554e-01 5.16603419e-01
0.00000000e+00 -7.97571594e-01 3.46231601e-01 8.73037542e-01 8.32009437e-01 -6.47029358e-01 -5.68164612e-01 -3.78120683e-01 1.19258150e-01 5.25300373e-01 -2.94365692e-01
0.00000000e+00 9.05644723e-02 -4.86933879e-01 -2.50970031e-01 6.65783845e-01 5.76903964e-01 -2.96187215e-01 -2.92679409e-01 7.85328905e-01 -7.70325054e-01 -8.94695704e-01
1.00000000e+00 2.94003133e-01 7.43759727e-01 1.04597517e-01 -8.45087627e-01 -8.54768152e-01 -5.06550746e-01 -6.29460101e-01 9.21772391e-01 -6.07085232e-01 -2.53325589e-02
0.00000000e+00 -8.63773570e-01 7.91097815e-01 7.50075105e-01 -1.26852956e-01 -9.81272456e-01 -9.74166424e-01 8.19063927e-01 -4.01262995e-01 -7.35830726e-01 8.08567845e-01
0.00000000e+00 9.97823423e-01 5.73600031e-01 1.28299285e-02 4.63329891e-01 7.17382758e-01 -7.05680574e-01 -5.28709297e-01 8.21515586e-01 8.91263262e-01 5.42236569e-01
0.00000000e+00 -1.40862216e-01 9.40972661e-01 2.74287726e-01 -9.03175112e-01 5.61138320e-01 -9.68375334e-01 -4.71888074e-01 5.51324490e-01 -6.29703364e-01 -5.95665737e-01
0.00000000e+00 -5.46678665e-01 5.18648958e-01 -7.75499878e-01 -6.43399345e-01 6.46387720e-01 -5.89303955e-01 8.08946339e-01 6.42269676e-01 -7.19713091e-01 2.73190739e-01
1.00000000e+00 1.53395695e-01 -4.29959797e-01 -3.59419533e-01 2.96262188e-02 1.49912557e-01 -3.20984016e-01 -4.64612849e-01 -9.76342617e-01 2.71274972e-01 1.89542159e-01
0.00000000e+00 9.34650295e-01 1.51629105e-01 -7.64543274e-01 -6.84161559e-01 -9.65992489e-01 -3.29656906e-03 -4.43385132e-02 2.02284063e-01 4.37872617e-01 -6.98642895e-01
0.00000000e+00 9.00552417e-01 1.47343356e-01 -8.75042158e-01 -5.17929391e-01 2.99049644e-01 -5.27558595e-01 -9.28820089e-01 -4.83164341e-01 -3.69631388e-01 -9.65480523e-01
1.00000000e+00 -2.76416106e-01 9.75655493e-02 -8.12072216e-01 -2.57618059e-01 -2.58466645e-01 4.84927609e-01 -6.87809016e-02 -7.06650688e-01 9.29365607e-01 -8.43163771e-02
0.00000000e+00 5.12066314e-01 3.75986001e-01 -3.70104525e-01 9.56934132e-01 -9.53787270e-01 -4.34470264e-01 -4.37103777e-01 -8.07729502e-01 7.20236716e-02 6.33642860e-01
1.00000000e+00 8.81363631e-01 9.83904497e-01 -8.52784606e-02 -5.64569149e-01 2.93336602e-02 -6.39831771e-02 7.54577770e-01 -6.02775139e-01 -6.11040689e-01 1.17097551e-01
0.00000000e+00 5.62415601e-01 4.51529809e-01 -2.01012340e-02 -7.53737662e-01 9.61389181e-01 7.03474476e-01 7.38016199e-01 8.63928207e-01 3.89831350e-01 8.31230849e-01
0.00000000e+00 -7.45657703e-01 -6.17426475e-01 1.75264815e-01 8.57859004e-01 -8.99301133e-01 9.10849861e-02 2.54911478e-01 3.23565232e-01 -7.74098947e-01 9.87178434e-01
1.00000000e+00 -3.80909774e-01 -1.13823783e-01 -4.84349958e-01 4.58413683e-01 -9.92423094e-01 -7.01515159e-01 -8.32463187e-01 -1.62744100e-01 5.16648679e-01 4.39060446e-02
0.00000000e+00 -8.47221929e-01 -2.80520392e-01 -5.23372423e-01 1.62637619e-01 -7.04732414e-01 6.39045578e-01 8.60566767e-01 -1.31297405e-01 -8.69721445e-01 7.61665152e-01
0.00000000e+00 -9.73265268e-01 -9.04090216e-01 -3.34032936e-01 -1.28770180e-01 -7.51411599e-01 -1.91922159e-01 -1.99034894e-01 6.37717284e-01 2.74812130e-01 -4.57380025e-01
1.00000000e+00 -1.45965776e-01 5.62779080e-01 2.06847457e-01 3.60408449e-01 -7.97200726e-01 -6.65930875e-01 -6.10935755e-01 3.03099984e-01 -1.93049946e-01 -5.90914933e-01
1.00000000e+00 1.81181913e-01 -2.94674931e-01 6.56885733e-01 -5.67121419e-01 7.33063758e-01 -8.73353616e-01 5.42402814e-01 -4.20982264e-01 -8.23088557e-01 -4.84034371e-01
0.00000000e+00 -1.30790518e-01 5.21743407e-01 -8.64099138e-01 -9.74270287e-01 -9.13922349e-01 -1.37352258e-01 2.51841588e-01 -1.47515458e-01 8.93823648e-01 -7.36206203e-02
0.00000000e+00 4.10174671e-01 -9.69900868e-01 -2.35670728e-01 7.01026780e-01 -2.61129657e-01 -1.04693041e-01 5.83562075e-01 -9.89963953e-01 -9.82755924e-02 -8.13793798e-01
1.00000000e+00 1.16981656e-01 -3.50344496e-01 -2.50750688e-01 2.62690056e-01 1.15768910e-02 2.51779722e-01 -9.40488678e-01 -8.10789185e-01 7.78867383e-01 8.64391808e-02
1.00000000e+00 -5.43201914e-01 -3.46627537e-02 -4.40417247e-01 -1.46928342e-01 9.69930300e-01 -5.09907830e-01 7.57420636e-01 3.76707367e-01 2.09015345e-01 -3.26917252e-01
0.00000000e+00 -5.16093826e-01 7.02383316e-01 5.97118434e-01 8.83716352e-01 -4.73148552e-01 -1.20270470e-01 7.32612884e-01 7.05227216e-01 -8.34664615e-01 1.57517518e-01
1.00000000e+00 2.93239298e-01 -6.13588764e-02 -9.80960728e-01 9.94593470e-02 2.40119078e-01 -8.80130505e-02 -4.79158931e-01 7.32737298e-01 1.14048583e-01 7.03256327e-01
0.00000000e+00 -9.48121366e-01 -9.29665802e-01 -8.61370894e-01 -7.57863333e-01 8.09342742e-01 1.82550486e-01 -1.28908402e-01 2.46790692e-01 -5.16428460e-01 7.46834175e-01
0.00000000e+00 3.45893333e-01 -9.37105326e-01 -7.80777503e-01 -2.20449109e-01 9.47998602e-01 2.00618786e-01 6.79142396e-01 -6.06539675e-01 -7.11003519e-01 4.30739722e-01
1.00000000e+00 -4.39416300e-01 -1.07735868e-01 6.73125775e-01 2.86861333e-01 -8.96169341e-01 6.02472474e-01 4.83303660e-01 2.53472488e-01 6.98762901e-01 -9.17693339e-03
1.00000000e+00 8.94926774e-01 -5.33541885e-01 -6.32141353e-01 2.38541084e-01 -4.41047117e-03 -1.52006129e-01 9.76177466e-01 -4.12096445e-01 7.68694568e-01 -4.78688636e-04
0.00000000e+00 7.99834251e-01 -5.39878591e-01 5.66484853e-01 -5.95625465e-01 -6.90187146e-01 3.54321015e-01 -9.40277473e-01 -1.53769321e-01 -3.71574569e-01 -8.58026657e-02
0.00000000e+00 -9.36197743e-01 -1.36596816e-01 7.26628391e-01 6.21962113e-01 -7.44737036e-01 4.79721294e-01 -2.53516902e-01 -9.25415514e-01 1.39317589e-01 -6.13029602e-01
0.00000000e+00 6.87023584e-01 5.36730981e-01 7.21383907e-01 -4.70143687e-02 -3.41985734e-01 -6.19782011e-01 4.22338905e-02 -6.10073609e-01 8.29368816e-01 -2.23885331e-01
1.00000000e+00 6.80106425e-02 -3.22735053e-02 -8.02630073e-01 -6.12803872e-02 -9.20828954e-01 -9.96015182e-02 -6.00591743e-01 -3.26306516e-01 -2.00495943e-01 3.29578744e-01
1.00000000e+00 7.55210043e-01 -4.43422140e-01 6.87646513e-01 -1.19656144e-01 2.38991957e-01 -3.33064531e-01 -3.97473124e-01 -3.11101859e-01 6.34206617e-01 -5.92752799e-01
0.00000000e+00 4.04713306e-01 -1.38469627e-01 -4.69823857e-01 -1.86204418e-01 -6.41134668e-01 -4.33005840e-01 6.37619745e-02 8.23810278e-01 9.99860601e-01 -4.27216882e-01
0.00000000e+00 -2.06748176e-01 3.39966131e-01 -3.69603272e-01 -2.43479133e-01 8.35730204e-01 7.71050508e-01 9.71191542e-01 8.05415807e-01 -2.06175836e-02 8.91418397e-01
1.00000000e+00 -1.49054554e-01 -5.23245349e-01 -9.51591404e-01 -6.79111440e-02 1.81658122e-01 5.97573879e-01 2.90303926e-02 -4.15375071e-02 -6.40705394e-01 9.77767254e-01
1.00000000e+00 1.35413451e-01 7.04834066e-01 9.08286427e-01 1.65404840e-02 -4.16486022e-01 9.36346026e-01 -2.99439271e-01 -4.11644938e-01 3.56153051e-01 -2.91660748e-01
0.00000000e+00 -2.88809461e-01 5.54637242e-01 3.55987480e-01 -3.50985369e-01 -6.06297628e-01 1.58306081e-01 -9.79279223e-01 9.53102149e-01 6.53288644e-01 7.66584525e-02
0.00000000e+00 2.80476231e-01 4.97546556e-01 -7.52832249e-01 4.59310791e-01 -9.44276422e-01 7.43951275e-01 -8.54388254e-01 7.57134633e-01 3.48404544e-01 -2.78457302e-01
0.00000000e+00 -7.03812748e-01 4.69624143e-01 -5.62166588e-01 5.40164590e-01 9.70583150e-01 -1.45042022e-01 8.36177477e-01 2.88542722e-01 9.54849310e-01 4.08079780e-01
0.00000000e+00 -8.67026555e-01 -3.50567470e-01 -9.07893437e-01 3.82368579e-01 7.42688450e-01 6.70926884e-01 1.69157945e-01 -6.74214004e-01 5.66703321e-01 7.45843748e-01
1.00000000e+00 -2.85023208e-02 -4.05562573e-01 2.62213120e-01 1.64215121e-01 -3.59066855e-01 8.85264568e-01 3.35858985e-01 -7.09204991e-01 6.68443249e-01 3.07764519e-01
1.00000000e+00 3.01308633e-01 3.02097412e-01 3.16635084e-01 7.46247104e-02 9.74741980e-01 -3.00342667e-01 1.65101332e-01 -7.59618027e-02 -6.67556445e-01 -3.91071690e-01
0.00000000e+00 -6.15600266e-01 4.88523988e-01 -5.19771453e-01 2.77539216e-01 -3.70435127e-01 2.36093997e-01 5.27941107e-01 -9.16113062e-01 8.81817115e-01 6.78665713e-01
0.00000000e+00 -7.43222285e-01 -4.16414268e-01 -4.05760914e-01 7.33617372e-01 5.49514903e-01 -7.05456817e-02 7.03228081e-01 -8.98183855e-01 4.03599685e-01 -5.81413163e-01
0.00000000e+00 -6.17987941e-01 6.26454309e-01 2.09682411e-01 4.48583489e-01 8.96579863e-01 2.50535878e-01 -9.64477812e-01 -7.96805724e-01 -6.38690336e-01 -2.24396738e-01
0.00000000e+00 -9.78808850e-01 -1.67626555e-01 9.89900069e-01 -3.03138761e-01 -1.94085240e-02 7.04942453e-01 -2.88530423e-01 -7.08636789e-01 -4.25556654e-01 3.71140873e-01
0.00000000e+00 6.28486009e-01 -5.06778530e-01 2.07764157e-01 -5.27013031e-01 -6.54032722e-01 6.29331451e-01 6.38930866e-01 9.15306036e-01 -6.67935944e-01 2.61743296e-01
0.00000000e+00 -8.95106238e-01 9.47588616e-01 6.92784917e-01 -3.36863623e-01 4.88659976e-01 3.00730706e-02 -7.27809431e-01 -5.80333589e-01 -3.82235409e-01 -8.23828729e-01
1.00000000e+00 4.26896786e-02 -3.64688422e-02 -6.50982959e-01 -3.33193859e-01 3.14545218e-01 3.73627496e-01 3.08349332e-01 6.81987326e-02 7.93304065e-01 -2.15186231e-01
1.00000000e+00 3.42577916e-02 9.49712967e-01 -4.00958985e-01 -6.94146221e-01 5.60976368e-01 7.11437859e-01 -3.98202519e-01 5.44441415e-01 6.33918731e-01 -2.60392059e-01
0.00000000e+00 -3.93262477e-01 5.73479502e-01 -8.70208735e-02 -7.11126163e-01 -4.52772195e-01 5.34760327e-01 -6.79699578e-01 -9.91272680e-01 -3.25980860e-01 -9.14702207e-01
0.00000000e+00 4.86770949e-01 5.59946656e-01 -9.19939704e-01 -1.38665200e-01 5.22027686e-01 -9.69842722e-01 -8.89133452e-01 2.25086211e-01 -5.58465670e-01 -8.87950302e-01
1.00000000e+00 1.61528495e-01 -8.22237967e-01 6.18089861e-01 -7.03573803e-01 1.43588750e-01 -5.78354233e-01 4.36877805e-01 4.78784696e-01 -6.78818055e-01 -7.74424706e-01
1.00000000e+00 5.39657045e-01 2.16108617e-01 -7.76005531e-01 2.68539087e-01 1.55625418e-01 -2.06279239e-01 7.16735642e-02 -4.49107625e-01 1.90430907e-01 2.26726643e-01
0.00000000e+00 8.24013436e-01 8.77308923e-01 4.21849986e-02 1.09366846e-02 -6.50137969e-01 -2.82711168e-01 -5.79731562e-01 -4.89832927e-01 -4.69453038e-01 -8.05248522e-01
1.00000000e+00 -1.50938431e-01 -3.62969005e-01 -2.29660645e-01 9.05152635e-01 2.89696099e-01 -5.05972116e-02 4.35643753e-01 4.75891406e-03 -4.51041358e-01 5.54784215e-01
0.00000000e+00 5.89851972e-01 6.34849730e-01 -1.36169519e-01 -8.06730367e-01 6.63778340e-01 -8.55949879e-01 6.74800078e-01 -7.91610944e-01 6.77000904e-01 -4.76929823e-01
1.00000000e+00 6.44626951e-01 6.95666893e-01 3.96820378e-01 -4.73949289e-01 7.26246957e-01 7.10248547e-01 4.26408785e-01 -8.07645728e-01 2.53161265e-01 1.63480457e-01
0.00000000e+00 7.41532169e-01 -2.86420119e-01 -1.94305991e-01 7.68391776e-01 -9.97148987e-01 -5.04901263e-02 6.99951092e-01 8.17481633e-01 4.07044593e-01 -8.32009546e-01
0.00000000e+00 4.79045612e-01 -7.70215951e-01 -1.67285624e-01 -4.16443979e-01 9.46465038e-01 8.88955500e-01 1.21896566e-02 7.22081414e-01 4.61467143e-01 6.66584963e-01
1.00000000e+00 7.85006657e-01 -5.89807141e-01 3.25998356e-01 2.67081952e-01 6.83910335e-01 -5.71107743e-01 8.10919968e-01 -7.51839336e-02 -4.34718256e-01 -5.54558576e-01
1.00000000e+00 1.50081955e-01 -8.01250958e-01 4.68050389e-03 -4.70229255e-01 -4.16337031e-01 4.71573731e-01 -6.45355622e-02 -8.86729318e-01 -7.10112526e-01 -2.76600302e-01
1.00000000e+00 -5.77402320e-02 1.31627698e-01 4.39637119e-01 6.53540316e-02 -4.33449681e-01 -8.27910850e-02 -7.92923081e-01 -6.45586345e-01 4.97065195e-01 -4.53961283e-01
1.00000000e+00 -4.81173041e-01 -2.87032600e-01 -1.41656905e-01 5.96039553e-01 5.94110761e-01 -6.65421537e-01 -5.04823422e-01 6.11734758e-01 8.34266052e-01 4.17973889e-01
0.00000000e+00 -1.81878209e-01 1.30763122e-02 8.49899531e-02 4.89658064e-01 -2.59344342e-01 9.41148170e-01 4.69460209e-01 8.54735232e-01 9.41474436e-01 4.16445813e-01
0.00000000e+00 9.43308658e-01 -1.37818084e-01 -7.37361051e-01 -3.47191369e-01 -1.79068358e-01 -8.57472558e-01 8.27952093e-01 -1.15434155e-01 -1.71558383e-01 6.21158485e-01
1.00000000e+00 2.12305177e-01 -8.34651349e-01 4.81959641e-01 4.44732129e-01 7.33603826e-01 3.46375098e-01 -2.29549272e-01 9.52656507e-01 3.08786972e-01 -4.03739338e-01
0.00000000e+00 -6.93617692e-01 6.68691754e-01 9.24321384e-01 1.48983575e-01 1.41830696e-02 -8.64778590e-01 9.25479791e-01 -7.50873349e-01 8.34913856e-01 5.33783961e-01
1.00000000e+00 2.85296893e-01 4.14245349e-01 -9.92269921e-01 -8.95395983e-01 6.25161380e-01 7.19895352e-01 1.78115889e-01 3.15403557e-01 3.02237557e-01 1.21554421e-02
0.00000000e+00 8.14645479e-01 -9.25314478e-01 -8.58212470e-01 6.95232674e-01 -5.80801066e-02 7.11058676e-01 -7.58120433e-01 -2.67469057e-01 9.14472744e-02 4.51116146e-01
1.00000000e+00 2.20078758e-01 -4.45173109e-01 -5.31675525e-01 5.36731116e-01 -3.18147156e-01 -6.19857798e-01 -4.12821645e-01 4.02147580e-01 -1.64447466e-01 -4.00994198e-01
1.00000000e+00 -9.50365064e-01 -3.20663961e-01 2.84503810e-01 -1.27999740e-01 -6.90737547e-01 -7.03212493e-01 4.17104001e-01 4.51915581e-01 2.45136380e-01 6.00441439e-01
0.00000000e+00 5.44841302e-01 5.55582494e-01 -1.27194382e-01 -7.13318074e-01 -3.68810846e-01 9.54121372e-01 9.60075232e-01 -8.09624994e-01 1.17320858e-01 -2.32739942e-01
0.00000000e+00 9.86074882e-01 6.93703873e-01 5.72958561e-01 1.84407552e-01 5.58853540e-01 -5.09831444e-01 4.10618751e-01 8.66308709e-01 4.26093622e-01 6.97524885e-01
0.00000000e+00 -7.53096249e-01 5.25346481e-01 8.54389741e-01 -6.74843925e-01 4.86124387e-01 6.22129649e-01 5.88298135e-01 1.43902593e-01 4.20705134e-01 -8.18358600e-01
1.00000000e+00 6.34771585e-01 -6.29055133e-01 8.33234671e-01 -4.53896218e-01 -4.00969220e-01 1.13361137e-01 -2.17923215e-02 -2.83527752e-01 -5.34133767e-01 4.08223173e-01
0.00000000e+00 -9.17976915e-01 1.28391728e-01 8.58377893e-01 -2.21833556e-01 3.76280174e-01 -8.96106205e-01 -9.88867389e-01 1.38945562e-01 7.25836781e-01 9.11698697e-01
1.00000000e+00 -1.69989351e-01 5.54859522e-01 9.61573660e-01 -7.88973882e-01 8.01958256e-01 -4.31921343e-01 3.63032127e-01 6.66390373e-02 -4.36291639e-01 4.27235100e-01
1.00000000e+00 2.70924933e-01 4.18366868e-01 -4.98667933e-01 1.66858312e-02 8.88556933e-01 -4.99599287e-02 5.31068699e-01 -7.49168715e-01 1.66362830e-01 -4.20250202e-01
0.00000000e+00 1.81890257e-01 -8.69221574e-01 7.93801305e-01 -4.68264549e-01 -4.23753915e-01 -1.23664112e-01 1.98624705e-01 6.68262079e-01 -4.19176890e-01 -6.87539544e-01
1.00000000e+00 -7.77468467e-01 -3.83685615e-01 5.66980838e-01 -3.00107665e-01 -6.83485046e-02 9.63081258e-01 -1.94213276e-01 7.14166819e-01 4.04255662e-01 -2.86547414e-01
0.00000000e+00 3.60816199e-02 7.17597896e-01 8.11487258e-01 4.27762196e-01 9.14783383e-01 -6.70625509e-01 -4.42458566e-01 6.39906300e-02 -2.29452720e-01 1.30031100e-01
1.00000000e+00 -7.40863715e-01 7.60749328e-01 -1.89142297e-01 6.04604729e-01 -7.04666008e-01 6.98045173e-01 -2.37837533e-01 -3.72661707e-01 -1.51708413e-02 3.12334987e-01
1.00000000e+00 5.21007399e-01 -5.61936498e-01 3.55734047e-02 -1.82530304e-02 3.55959231e-01 -5.57819282e-01 6.01165269e-01 -8.18659667e-01 -4.38485512e-01 -2.07162096e-01
0.00000000e+00 -3.99484284e-01 -8.21248163e-01 6.23008267e-01 8.23939365e-01 4.16552208e-01 5.30037449e-01 3.96857758e-01 -5.16956276e-01 1.65110690e-01 -7.28658361e-01
0.00000000e+00 6.56708408e-01 -7.06289403e-02 8.58206579e-01 -4.54399047e-01 9.85030047e-01 -1.04131852e-01 -4.40101338e-01 -8.70466018e-01 -5.60542971e-01 -4.32484359e-01
0.00000000e+00 -9.18866723e-02 -2.48999607e-01 4.46098798e-01 8.68975197e-01 6.18504513e-01 -7.88869242e-01 -5.79589688e-01 8.42036148e-01 -5.15633725e-01 -8.74030330e-01
1.00000000e+00 -4.60634109e-02 3.53150338e-01 -7.58669746e-01 7.37877253e-01 -1.59446984e-01 -7.36686855e-01 -2.91785465e-01 1.24642242e-01 6.24608502e-01 5.50978717e-01
0.00000000e+00 -9.16874644e-01 -9.13510669e-01 -8.89853522e-01 -2.11940945e-01 1.25143685e-01 -5.95606107e-01 -6.83186647e-01 -3.70018553e-01 -1.24155649e-01 -7.33896152e-02
0.00000000e+00 8.76812280e-01 5.10027712e-01 9.07840246e-01 9.51140509e-01 7.33617148e-01 4.55008198e-01 -3.28339490e-01 -2.45912277e-01 7.49892232e-01 5.20327747e-01
0.00000000e+00 -3.09705828e-01 -3.50814929e-01 9.22710349e-01 4.91667258e-01 -4.13166535e-01 9.56000372e-01 -4.44529029e-01 3.28217959e-01 -8.65244734e-01 -6.17328341e-01
0.00000000e+00 -6.33327685e-01 -7.01974994e-01 -6.32191791e-02 9.82232838e-01 6.43007573e-01 -5.54762096e-01 9.29283305e-01 7.99778389e-01 -5.58060633e-01 7.25450326e-01
0.00000000e+00 -5.83293935e-01 1.62293111e-02 -8.19825328e-01 -1.08115300e-01 -8.33945858e-01 1.43984874e-01 7.90696752e-01 -4.98406271e-01 -8.07204285e-01 -5.31032018e-01
0.00000000e+00 4.23580711e-01 7.98393596e-01 9.14695139e-01 -3.02792363e-01 -4.82685725e-01 -5.23641577e-01 -6.95290961e-01 1.07631333e-01 -2.23008372e-01 3.49598486e-01
1.00000000e+00 5.67107179e-01 3.85266178e-01 -2.27361727e-01 3.46071124e-01 6.14736164e-01 -8.24226526e-02 -3.18423704e-01 -4.20113698e-01 -2.47218870e-01 6.53622223e-01
0.00000000e+00 -6.31023910e-01 -7.51662573e-01 -4.71826229e-01 9.24212193e-02 7.28675920e-01 -5.74392355e-01 -9.50907423e-01 7.79799110e-01 3.42595350e-01 -6.92776848e-01
0.00000000e+00 8.41449257e-01 -6.52200250e-01 6.47172996e-01 9.20676572e-02 8.13209332e-01 -8.87863388e-03 7.12639128e-01 1.01290550e-01 -7.37564353e-01 2.94101971e-01
0.00000000e+00 7.81935225e-01 9.73117044e-01 -9.94809717e-01 7.53588337e-01 7.99207476e-01 -8.44560116e-01 -8.83823244e-01 5.74069020e-01 -9.25443635e-01 -3.27356515e-01
0.00000000e+00 -8.68328819e-02 -7.18334750e-01 5.80137282e-01 -8.47806051e-02 6.80899072e-01 9.25258590e-01 -3.70929245e-01 -1.07097459e-02 -9.18248603e-01 -2.13423217e-01
0.00000000e+00 1.88400680e-01 -8.84004847e-01 9.54320843e-01 9.80859606e-01 1.78653013e-01 -4.39717953e-01 7.59137048e-01 5.97482972e-01 6.89447252e-01 5.01200892e-01
1.00000000e+00 -8.48561154e-01 -6.22288678e-01 -3.07083558e-02 -2.27684760e-01 6.53792382e-02 7.11666092e-01 -5.10764039e-01 -3.44021213e-01 6.11356488e-02 6.86149922e-02
0.00000000e+00 -6.71543432e-01 -7.28265971e-01 3.12169318e-01 -2.19125938e-01 2.95486167e-01 -2.39132768e-01 -6.91760208e-01 -7.42108052e-01 -5.90114115e-01 -9.25694976e-01
0.00000000e+00 5.66842071e-01 -5.42798529e-01 -3.57162656e-01 9.30862510e-01 3.55381599e-01 7.63622246e-01 -8.15500883e-01 6.40681028e-01 -8.25730111e-01 -5.44870003e-01
1.00000000e+00 -2.19873694e-01 6.83808287e-01 3.88148850e-01 2.61412613e-01 9.00508171e-01 -3.84795688e-01 -3.01852139e-01 3.44385865e-01 -3.92637092e-01 -1.72609492e-01
0.00000000e+00 8.38274965e-01 5.35435578e-01 -4.86367600e-01 4.97694683e-01 -2.03221284e-01 -8.00771252e-01 -9.51569332e-01 -2.37865922e-01 -4.43863039e-02 -1.29027333e-01
1.00000000e+00 8.24258094e-01 -1.88727609e-01 -1.47526095e-01 -9.15578227e-01 8.41537609e-01 7.15347534e-02 -8.51470615e-02 2.54774182e-01 3.17848754e-02 6.02337263e-01
1.00000000e+00 3.97972417e-01 2.35627430e-01 2.58613705e-01 -4.69172743e-01 3.74164948e-01 -7.52616360e-01 4.00546345e-01 -1.32417343e-01 -5.55619561e-01 -5.26574811e-01
0.00000000e+00 8.92069410e-01 -5.84894468e-01 -1.72940053e-01 -6.59757959e-02 -8.19408187e-01 -7.97608748e-01 -9.84413205e-01 -6.74792066e-01 8.07394128e-01 2.51056701e-01
0.00000000e+00 9.32743303e-01 7.65661956e-01 6.15357300e-01 1.27088408e-01 8.37687084e-01 3.57904074e-03 1.73965595e-01 -1.24918561e-01 8.01066931e-01 -9.80172919e-01
0.00000000e+00 8.85512920e-01 -8.98596442e-01 1.24605371e-01 5.18370559e-01 -1.96808234e-02 -9.07661717e-01 -4.31510964e-01 6.69730661e-01 -1.35200598e-01 -5.70636409e-02
1.00000000e+00 -9.20530856e-01 -1.42324224e-03 4.64085507e-01 9.71002871e-01 -1.42331620e-01 5.38920376e-01 -4.32831218e-01 2.90096370e-01 -5.86925966e-01 5.26117004e-01
1.00000000e+00 1.16276301e-02 -8.64596814e-01 9.13732798e-01 6.26742420e-01 2.85792859e-01 -2.80938776e-01 -3.27699800e-01 -8.98077258e-01 3.46474153e-01 6.76997148e-02
0.00000000e+00 6.42073487e-01 -8.64483536e-01 8.77056904e-01 5.55355888e-01 -4.41901492e-01 -3.05223300e-01 9.86891734e-01 -2.80595377e-01 -6.63849515e-01 -7.41126888e-01
1.00000000e+00 8.15773036e-01 9.03365521e-02 6.64517833e-01 4.54054442e-01 5.10615954e-01 4.72705162e-01 -2.79651052e-01 -7.89798665e-01 4.23021768e-01 4.62486166e-01
1.00000000e+00 2.54378674e-01 -8.99378313e-01 -1.18967173e-01 4.29382099e-01 -4.03267357e-01 -1.89255471e-02 -8.79140654e-02 1.04939376e-01 -8.76858097e-02 -4.72753908e-01
1.00000000e+00 9.60077019e-01 -3.97154714e-01 -4.51079395e-01 7.24509911e-02 -9.51453269e-03 -3.92191797e-01 -2.74589826e-01 -2.64184401e-01 -5.71195723e-01 4.24457433e-01
0.00000000e+00 1.13015836e-01 4.22817369e-01 9.74568312e-01 -9.06891760e-01 -7.06655983e-01 -8.53996263e-02 -4.43349025e-01 -7.38440042e-01 2.68255077e-01 -6.78516673e-01
1.00000000e+00 8.19718712e-01 -4.97096661e-01 7.02230195e-01 5.44060491e-01 2.41746078e-01 -6.69297803e-01 4.13815761e-01 8.87490755e-01 3.18228388e-01 9.38272681e-01
1.00000000e+00 2.39747486e-01 9.17514363e-01 -1.59018551e-01 -2.09902262e-01 -3.53877280e-01 -4.08508337e-02 -9.44770188e-01 2.50204168e-01 -9.35067091e-01 3.88227734e-01
1.00000000e+00 -5.80102941e-01 8.64952197e-01 -1.50302256e-02 2.61873836e-01 -4.47126559e-01 6.30913855e-01 4.34983701e-01 -2.74233888e-01 5.95828001e-01 6.51262454e-01
1.00000000e+00 2.26694605e-01 2.83710087e-01 1.20683443e-02 9.85310474e-01 -1.21841005e-01 -3.57187960e-01 -4.04470755e-01 7.43136646e-01 4.08813405e-02 -5.86153897e-01
0.00000000e+00 6.06516166e-01 -8.61365228e-01 3.10890187e-01 -4.69788782e-01 -9.21862782e-01 6.36266959e-01 8.80121391e-01 6.87929842e-02 -9.55439963e-01 -9.31068899e-02
1.00000000e+00 -5.80377886e-01 -2.57943627e-01 -2.86773748e-01 3.54773010e-01 -6.13544160e-01 -3.39443180e-02 -4.00183859e-01 1.04017674e-01 -2.99189979e-01 9.49524780e-01
1.00000000e+00 -4.98987405e-01 -2.79399753e-01 2.16113002e-01 3.97935799e-01 -9.28233921e-01 -4.42697507e-01 -4.01177676e-01 2.52652422e-01 3.23354041e-01 8.74322575e-02
0.00000000e+00 -3.92536699e-01 2.07028747e-01 8.41384882e-01 9.52847427e-01 6.26135135e-01 -7.00036643e-01 -2.92809393e-01 -9.80300116e-02 9.64530312e-01 -2.68929460e-01
0.00000000e+00 -1.80291839e-01 -9.23769869e-01 7.35455430e-01 -9.17799770e-01 -8.32000405e-01 -7.11053961e-01 3.73300372e-01 -3.69583067e-01 6.82571543e-01 -2.55439317e-01
0.00000000e+00 -9.32593330e-01 1.34280501e-01 8.52970864e-01 4.39743055e-01 5.17954726e-01 7.52083047e-01 9.29759777e-01 -6.31658430e-01 3.41022260e-01 -5.36440894e-01
1.00000000e+00 7.94756212e-01 7.18907702e-02 7.87459403e-01 -5.55855617e-01 -2.79786728e-01 3.65498446e-01 8.22989687e-03 -5.71136549e-01 8.61109971e-03 3.87365404e-01
0.00000000e+00 -8.94993149e-02 -7.12990610e-01 -5.54367366e-01 -7.18907443e-01 -7.09121573e-01 -6.70108842e-01 -7.57434507e-01 -6.32597667e-01 -1.94232171e-01 -3.99837051e-01
1.00000000e+00 1.70142536e-01 9.69311361e-01 6.72555199e-03 -7.95661294e-01 -7.63328270e-01 -8.56572884e-02 -3.32716169e-01 5.16881613e-01 -4.70165358e-02 -6.04865214e-01
0.00000000e+00 -6.07222739e-01 4.18069696e-01 5.77212442e-01 -7.11440620e-01 7.80384180e-01 -1.37441865e-01 3.87108205e-01 5.45410004e-01 3.92700383e-01 7.85085137e-01
1.00000000e+00 9.78894925e-01 -2.96711255e-01 -4.19703528e-02 5.50334528e-01 -5.01039451e-01 -8.68890331e-01 -1.21088454e-01 -3.73162425e-02 -1.40025894e-01 -7.78250526e-02
0.00000000e+00 -7.07117098e-01 2.14664456e-01 3.57686831e-02 -3.90416338e-01 -7.19935304e-01 8.56828847e-01 3.51171861e-01 9.66181599e-01 -2.37332832e-01 -7.09008361e-01
0.00000000e+00 -5.60129456e-02 -9.43442804e-02 4.66057174e-01 9.63381500e-01 9.34805010e-02 -1.56970522e-02 9.82276835e-01 2.72604377e-01 -9.26859966e-01 -6.83693103e-01
0.00000000e+00 8.16324652e-01 -1.11767085e-01 -9.80820825e-01 5.43214025e-01 5.45666792e-01 7.24788324e-01 8.21832111e-01 1.67056803e-01 -6.40648021e-01 7.74124319e-01
1.00000000e+00 -9.99501653e-01 -1.26105478e-01 5.68923551e-02 9.01155391e-01 -6.66162471e-01 -1.67845670e-01 -3.44238726e-01 -4.18570195e-01 2.98331733e-02 7.63549667e-01
0.00000000e+00 -9.62112064e-01 5.05035518e-01 6.34761541e-01 -1.54456078e-01 -8.47724662e-01 5.80563674e-01 7.82129479e-01 1.87566008e-01 7.50905964e-01 -9.46284102e-01
0.00000000e+00 6.46807279e-02 -2.16689874e-01 -9.54807612e-01 6.21490793e-01 7.04627421e-01 -4.37601500e-01 -7.74971311e-01 -8.96279416e-01 -6.80559809e-01 5.64821218e-01
1.00000000e+00 -3.24662088e-01 -6.76031317e-01 3.98558688e-01 1.26181748e-01 3.85681295e-01 -4.96334305e-01 -8.56066110e-02 -2.08233993e-01 6.86928879e-02 6.37149345e-01
1.00000000e+00 6.74071272e-03 -5.42387015e-01 -8.58160285e-01 -7.05407245e-01 3.24579154e-01 8.69022215e-01 -4.76013384e-01 3.05991972e-01 3.79682969e-02 1.65413336e-01
0.00000000e+00 -1.69095091e-01 -7.26110038e-01 1.87901903e-01 3.84404921e-02 9.56719866e-01 9.32032595e-01 6.51555703e-01 -3.20444557e-01 -6.25182811e-01 5.62247057e-01
1.00000000e+00 -2.96761824e-01 -2.66330626e-01 5.08585585e-01 1.50939009e-01 -5.36620705e-01 -1.32892083e-01 2.56647314e-01 -9.22822681e-01 -9.47697931e-01 5.66924380e-01
0.00000000e+00 9.31820588e-01 -7.66050128e-01 -8.40092553e-01 -4.76141162e-01 -8.21694967e-01 7.42324511e-01 1.79504645e-01 -9.59542116e-01 8.65106402e-01 5.62621151e-01
1.00000000e+00 -3.95944426e-01 1.45251455e-01 7.70523171e-01 2.28506289e-01 -5.86641646e-01 -7.30993861e-01 -5.17905824e-01 -6.99043269e-01 7.39705053e-02 -6.91293972e-01
1.00000000e+00 3.26306162e-01 -3.14125032e-02 -8.13691996e-01 -3.80761640e-01 7.06892535e-01 -7.10533483e-02 4.15620800e-01 1.19993131e-01 9.48234107e-01 2.98031645e-01
0.00000000e+00 4.07769791e-01 5.34201293e-01 2.95849691e-02 -3.60715387e-01 1.82495067e-01 -8.05028146e-01 -8.54263006e-01 8.25677320e-01 3.54775072e-01 -4.12076661e-01
0.00000000e+00 -7.08705674e-01 2.32558675e-01 3.69031721e-01 -5.69745246e-01 8.67247594e-01 5.40727822e-01 -8.33270039e-01 5.09101844e-03 -3.03081778e-01 9.34280134e-01
0.00000000e+00 4.73958617e-01 -4.01686501e-01 -1.89807471e-01 8.33011010e-01 -7.58014616e-01 -8.19492225e-01 -8.39571677e-01 7.50025975e-01 -1.60307760e-01 -3.46078759e-01
1.00000000e+00 -1.16342405e-01 3.59720228e-02 -2.23657636e-01 -8.53097718e-01 2.14524631e-01 -7.28596635e-02 -1.12841082e-01 2.17160335e-01 1.67923351e-01 7.13841757e-01
0.00000000e+00 4.01442839e-01 -7.64395188e-01 6.09281235e-01 1.43299768e-01 -8.71978565e-01 -8.66400540e-01 -5.10040037e-01 7.19332687e-01 3.76947935e-02 7.17448383e-01
0.00000000e+00 6.24994409e-01 8.29156648e-01 -6.49372662e-01 -8.65746990e-01 6.33981341e-01 -2.14169204e-01 -6.96813887e-01 9.08381213e-01 4.22595221e-02 6.79265473e-02
1.00000000e+00 -6.81296324e-01 -4.80256263e-01 -3.23272382e-01 9.05703912e-01 3.37929081e-01 -3.59622799e-01 3.05561824e-01 7.76821479e-01 5.28831909e-01 4.82582375e-01
1.00000000e+00 -6.19074209e-02 -6.87200374e-01 1.98824338e-01 -5.71922505e-01 5.95456669e-01 3.70282449e-01 6.24652369e-01 -9.02661428e-01 7.12921073e-02 9.22519884e-01
0.00000000e+00 -7.93471765e-01 -2.53946075e-01 -6.69325698e-01 -2.10220667e-01 4.37050510e-01 -5.04768433e-01 -9.27926341e-01 -5.64724522e-01 -7.88568510e-01 -2.91494520e-01
0.00000000e+00 -5.18802049e-01 7.26768498e-01 2.25199560e-02 -9.19675179e-01 8.84818268e-01 -3.41399587e-01 -6.06717726e-01 -8.47018645e-01 -7.57082111e-02 8.82817932e-01
0.00000000e+00 -4.36252878e-01 -8.08201109e-01 7.46904003e-01 -7.27646810e-01 9.89056289e-01 8.59024935e-01 5.75335356e-01 -5.91541615e-01 -3.92233751e-01 -1.46649400e-01
1.00000000e+00 6.35093104e-01 -1.19558679e-01 -3.58738083e-01 9.19198523e-01 4.02067529e-01 4.26451034e-01 -1.77384863e-01 1.62170067e-01 5.06940103e-01 -3.06288761e-01
0.00000000e+00 7.40819068e-01 -6.63311459e-01 9.87212514e-02 3.61761354e-01 -3.23903141e-01 5.89647274e-01 -7.71293835e-01 -8.01398959e-01 5.65541042e-01 -9.40316283e-01
1.00000000e+00 -3.21834191e-01 -3.24608937e-01 -2.16117415e-02 4.54373886e-01 -8.57036018e-01 -2.29627947e-01 6.57364949e-02 -4.51918606e-01 6.09797341e-01 -2.20542587e-02
1.00000000e+00 6.51625378e-02 6.19719993e-01 4.40299153e-01 -6.19831019e-01 7.51553865e-02 -2.58582089e-01 -1.33406102e-01 7.83550436e-01 -1.14097340e-01 1.39959204e-02
1.00000000e+00 3.65572167e-01 -8.94614171e-01 -7.90581498e-01 3.70863012e-01 -6.23676706e-01 1.35669951e-01 -1.67046917e-02 2.65271292e-01 8.58483058e-01 -6.11844940e-01
1.00000000e+00 -2.67406711e-01 -4.87555419e-01 -1.51461280e-01 4.17330643e-01 -9.37242661e-01 3.86808504e-01 -3.47889642e-01 -5.30797056e-01 2.47845080e-01 -7.85870258e-01
0.00000000e+00 -6.79369035e-01 4.50527545e-03 -5.38734445e-02 -9.35204832e-01 -9.20762229e-01 -2.46903536e-01 6.21593757e-02 9.09229643e-01 3.22971122e-01 -6.35177454e-01
1.00000000e+00 1.16150670e-01 4.08302511e-01 9.32811368e-01 -4.06777975e-01 7.90122319e-02 -2.44375997e-01 4.51915364e-01 9.84970908e-01 4.20560610e-02 -6.55442107e-01
1.00000000e+00 6.35249188e-01 3.47837203e-01 -9.33134161e-02 -7.59502007e-01 6.75823440e-01 3.27322428e-01 -1.65979022e-01 -6.67821870e-01 1.59069650e-01 -6.90795906e-01
1.00000000e+00 8.95927614e-01 5.43756193e-01 -4.18320438e-01 -4.96684656e-01 9.96658913e-01 -1.29645253e-01 5.37878212e-02 2.83886940e-01 1.46355546e-01 5.51221792e-01
0.00000000e+00 -8.40295153e-01 -9.15345616e-01 -4.75909958e-01 -1.00993891e-01 -3.10902990e-01 3.57092048e-01 7.44723585e-03 -6.24919277e-01 8.59957028e-01 7.12217604e-01
1.00000000e+00 3.54385148e-01 5.38630830e-01 -4.88502765e-01 1.01875610e-02 2.17157623e-01 -1.33491866e-01 -2.50095909e-01 -8.84773110e-01 -1.78120367e-01 -1.60912161e-01
1.00000000e+00 -9.41983394e-01 9.42698172e-01 -1.43718814e-01 1.26846372e-01 3.18660370e-01 -3.85035897e-01 -3.31135664e-01 1.61925773e-01 -1.01691208e-01 3.03509203e-01
1.00000000e+00 1.54664355e-01 3.47479344e-01 3.54218346e-01 9.74835404e-02 -2.92880588e-01 -2.85734150e-01 -8.33936341e-01 4.16536590e-01 6.26270101e-01 1.33786339e-01
0.00000000e+00 4.04567217e-01 -4.03912964e-01 9.21294086e-01 5.39047666e-01 -3.88588267e-01 -9.33921316e-01 -8.50626646e-01 -3.59194176e-01 -4.60440879e-01 1.45415607e-01
1.00000000e+00 5.78375173e-01 -4.11715821e-01 3.04834711e-01 6.24390847e-01 8.74476962e-01 5.73398065e-01 6.81634416e-02 -5.48429638e-01 8.04291283e-01 -4.93161769e-01
1.00000000e+00 -1.75606512e-01 4.57482370e-02 -6.63667932e-02 2.60795160e-01 -8.92229711e-01 -9.61601245e-01 -8.91287304e-01 2.45347226e-01 -3.19726289e-01 -7.81729930e-02
1.00000000e+00 -3.41063354e-01 -4.87568443e-02 -3.18399084e-01 -4.10200073e-01 -1.68202931e-01 5.75671785e-01 -7.55264649e-01 -1.72091409e-01 6.98337172e-02 -2.01250586e-01
0.00000000e+00 -8.92912275e-01 2.29327506e-01 2.21986375e-01 -9.03235033e-01 -5.53170694e-01 5.32534896e-01 -5.85128320e-01 6.65274323e-01 6.55927266e-01 3.17765839e-01
1.00000000e+00 -7.98935795e-01 -5.97161694e-01 -5.18801474e-01 2.66198325e-01 -7.08050494e-02 -4.84401808e-01 4.60685490e-01 -1.77278628e-03 -2.37638459e-01 -5.59864189e-01
1.00000000e+00 -3.60409032e-01 -6.16840699e-01 -1.00840876e-02 7.68206171e-01 -5.12412253e-01 5.11570188e-01 4.58276372e-01 5.55776036e-01 2.91341497e-01 3.56580413e-01
0.00000000e+00 -6.67643160e-01 -6.71457081e-01 2.96180760e-01 -8.77091526e-01 4.43651372e-01 -8.39686876e-01 5.75748809e-01 4.34720404e-01 7.47378761e-01 -2.99195714e-03
0.00000000e+00 -2.45456288e-01 -2.15176877e-01 1.06899812e-01 7.53429290e-01 -9.48520568e-01 7.23436764e-01 -5.19952569e-01 -3.90226155e-02 -4.07670330e-01 -9.58401870e-01
1.00000000e+00 7.16214972e-01 3.42757337e-01 -5.13022191e-01 3.16001155e-01 -1.97948696e-02 3.03186342e-01 -5.61702662e-02 -2.91390359e-01 1.73757330e-01 7.86468687e-01
0.00000000e+00 2.47739414e-01 8.86293275e-01 8.78549181e-01 3.57826539e-01 -4.63858596e-01 -1.52509097e-01 5.04568856e-01 5.27466345e-01 -4.49929034e-01 -7.68991828e-01
0.00000000e+00 3.66861151e-01 7.86597124e-01 2.68589760e-01 -7.84478063e-01 -4.12697397e-01 2.84317436e-01 -8.25697768e-01 -7.94108033e-01 9.71527102e-01 1.71814413e-01
0.00000000e+00 -3.88885484e-01 6.27687074e-03 -7.23753266e-02 9.70174570e-01 -8.41832097e-02 -6.50504664e-01 9.55328330e-01 -8.19988831e-01 3.58308777e-01 6.66588870e-01
0.00000000e+00 -2.98993946e-01 4.17384910e-01 -8.38715730e-01 -8.67780628e-01 -5.80361925e-01 9.74350597e-01 -5.57635575e-01 -4.23451823e-01 -4.94266628e-01 2.04138893e-01
